"","pos","a","c","g","t","N","deletion","insertion","TotalReads","TotalReads_indels","MajNt","ref","transition.maj","transition.ref","freq.Ts","freq.Ts.ref","EstSelCoeff_trans1","TVSmutrate2","EstSelCoeff_trans1.1","MUTAA","TVS1_AA","TVS2_AA","bigAAChange.tv2","makesCpG.tv1","D"
"1",91,10429,0,0,1,0,9,0,10430,10439,"a","a","g","g",0,0,1,7.93e-07,1,"D","H","Y",1,0,0.000191754554170662
"2",92,10474,1,5,0,0,2,0,10480,10482,"a","a","g","g",0.000477099236641221,0.000477099236641221,0.00554392,7.93e-07,0.00554392,"S","T","I",1,0,0.00114458287713194
"3",93,0,5,0,10503,0,4,0,10508,10512,"t","t","c","c",0.000475827940616673,0.000475827940616673,1,3.6e-06,1,"N","K","K",1,0,0.000951293587188906
"4",94,4,3,10529,1,0,2,0,10537,10539,"g","g","a","a",0.000379614691088545,0.000379614691088545,0.002971434,8.46e-07,0.002971434,"T","P","S",1,0,0.00151779220476941
"5",95,5,10569,0,10,0,4,0,10584,10588,"c","c","t","t",0.000944822373393802,0.000944822373393802,0.013674528,1.7e-07,0.013674528,"V","E","G",1,0,0.00283161024444214
"6",96,8,0,10588,2,0,4,0,10598,10602,"g","g","a","a",0.000754859407435365,0.000754859407435365,1,8.46e-07,1,"A","A","A",0,0,0.00188583070231611
"7",97,10603,11,2,2,0,0,0,10618,10618,"a","a","g","g",0.000188359389715577,0.000188359389715577,0.00051062927272727,7.93e-07,0.00051062927272727,"A","P","S",0,0,0.00282251675501746
"8",98,2,10638,1,2,0,0,0,10643,10643,"c","c","t","t",0.000187916940712205,0.000187916940712205,0.03437689,1.7e-07,0.03437689,"I","K","R",1,0,0.000939372806991909
"9",99,10651,0,21,4,0,0,0,10676,10676,"a","a","g","g",0.00196702884975646,0.00196702884975646,1,7.93e-07,1,"T","T","T",0,0,0.00467434671477446
"10",100,10661,0,19,6,0,0,0,10686,10686,"a","a","g","g",0.00177802732547258,0.00177802732547258,1,7.93e-07,1,"V","L","F",0,0,0.00467050639644049
"11",101,3,10,0,10681,0,1,0,10694,10695,"t","t","c","c",0.000935103796521414,0.000935103796521414,0.0477665333333334,3.6e-06,0.0477665333333334,"T","N","S",1,0,0.00242906612872503
"12",102,0,26,3,10667,0,1,0,10696,10697,"t","t","c","c",0.00243081525804039,0.00243081525804039,1,3.6e-06,1,"I","I","M",0,0,0.00540975501102683
"13",103,0,10691,0,11,0,1,0,10702,10703,"c","c","t","t",0.00102784526256774,0.00102784526256774,1,1.7e-07,1,"S","T","A",1,0,0.00205376949857242
"14",104,9,10692,1,9,0,0,0,10711,10711,"c","c","t","t",0.000840257679021567,0.000840257679021567,0.00768811777777777,1.7e-07,0.00768811777777777,"L","H","R",1,0,0.00354351805141812
"15",105,5,10707,0,7,0,0,0,10719,10719,"c","c","t","t",0.000653045993096371,0.000653045993096371,0.013848948,1.7e-07,0.013848948,"P","P","P",0,0,0.00223732620656179
"16",106,2,10708,0,12,0,0,0,10722,10722,"c","c","t","t",0.00111919418019026,0.00111919418019026,0.03463206,1.7e-07,0.03463206,"F","I","V",0,0,0.00260870407923712
"17",107,1,30,0,10700,0,0,0,10731,10731,"t","t","c","c",0.00279563880346659,0.00279563880346659,0.1437954,3.6e-06,0.1437954,"P","H","R",1,0,0.00576202087775068
"18",108,17,10716,0,4,0,0,0,10737,10737,"c","c","t","t",0.000372543541026357,0.000372543541026357,0.00408006,1.7e-07,0.00408006,"L","L","L",0,0,0.00390559990961239
"19",109,4,22,0,10713,0,0,0,10739,10739,"t","t","c","c",0.00204860787782848,0.00204860787782848,0.03597565,3.6e-06,0.03597565,"L","I","V",0,0,0.00483241689300392
"20",110,1,18,2,10723,0,0,0,10744,10744,"t","t","c","c",0.00167535368577811,0.00167535368577811,0.1439696,3.6e-06,0.1439696,"S","Y","C",1,0,0.00390285135365639
"21",111,12,10725,0,7,0,0,0,10744,10744,"c","c","t","t",0.000651526433358153,0.000651526433358153,0.00578385333333331,1.7e-07,0.00578385333333331,"F","L","L",0,0,0.00353238726022153
"22",112,3,19,0,10720,0,1,0,10742,10743,"t","t","c","c",0.00176875814559672,0.00176875814559672,0.0479809333333333,3.6e-06,0.0479809333333333,"R","S","G",0,0,0.00408905120342446
"23",113,73,0,10663,2,0,1,0,10738,10739,"g","g","a","a",0.00679828645930341,0.00679828645930341,1,8.46e-07,1,"Y","S","F",1,0,0.0138753387364637
"24",114,3,28,2,10711,0,0,0,10744,10744,"t","t","c","c",0.00260610573343261,0.00260610573343261,0.0479898666666667,3.6e-06,0.0479898666666667,"C","*","W",1,0,0.00612719539828841
"25",115,12,3,10724,4,0,0,0,10743,10743,"g","g","a","a",0.00111700642278693,0.00111700642278693,0.003029526,8.46e-07,0.003029526,"T","P","S",1,0,0.00353292362219887
"26",116,3,10725,0,9,0,1,0,10737,10738,"c","c","t","t",0.000838222967309304,0.000838222967309304,0.02312034,1.7e-07,0.02312034,"V","E","G",1,0,0.00223343947493014
"27",117,10677,0,63,0,0,0,0,10740,10740,"a","a","g","g",0.0058659217877095,0.0058659217877095,1,7.93e-07,1,"A","A","A",0,0,0.0116641115424852
"28",118,10688,1,41,11,0,0,0,10741,10741,"a","a","g","g",0.00381714924122521,0.00381714924122521,0.005681989,7.93e-07,0.005681989,"A","P","S",0,0,0.00982966641163526
"29",119,1,10731,2,7,0,0,0,10741,10741,"c","c","t","t",0.000651708407038451,0.000651708407038451,0.06938686,1.7e-07,0.06938686,"I","N","S",0,0,0.00186086242225746
"30",120,16,10715,1,8,0,0,0,10740,10740,"c","c","t","t",0.00074487895716946,0.00074487895716946,0.004336275,1.7e-07,0.004336275,"T","T","T",0,0,0.0046477249337289
"31",121,10719,0,11,0,0,0,0,10730,10730,"a","a","g","g",0.00102516309412861,0.00102516309412861,1,7.93e-07,1,"E","Q","*",1,1,0.00204841517493981
"32",122,10630,0,61,40,0,0,0,10731,10731,"a","a","g","g",0.00568446556704874,0.00568446556704874,1,7.93e-07,1,"R","T","M",1,0,0.0186909167272215
"33",123,4,0,10722,6,0,0,0,10732,10732,"g","g","a","a",0.000372717107715244,0.000372717107715244,1,8.46e-07,1,"K","N","N",1,0,0.00186243935792627
"34",124,10696,0,22,10,0,0,0,10728,10728,"a","a","g","g",0.00205070842654735,0.00205070842654735,1,7.93e-07,1,"D","H","Y",1,0,0.0059522804005615
"35",125,10681,0,45,2,0,0,0,10728,10728,"a","a","g","g",0.00419463087248322,0.00419463087248322,1,7.93e-07,1,"S","T","I",1,0,0.00872610785735354
"36",126,0,12,2,10708,0,0,0,10722,10722,"t","t","c","c",0.00111919418019026,0.00111919418019026,1,3.6e-06,1,"N","K","K",1,1,0.00260870407923712
"37",127,10699,1,12,8,0,0,0,10720,10720,"a","a","g","g",0.00111940298507463,0.00111940298507463,0.00567088,7.93e-07,0.00567088,"G","R","W",1,1,0.00391261924355274
"38",128,6,2,10711,1,0,0,0,10720,10720,"g","g","a","a",0.000559701492537313,0.000559701492537313,0.00453456000000001,8.46e-07,0.00453456000000001,"K","T","M",1,1,0.00167819940320786
"39",129,9,0,10710,4,0,0,0,10723,10723,"g","g","a","a",0.000839317355217756,0.000839317355217756,1,8.46e-07,1,"R","S","S",1,0,0.00242260711707509
"40",130,5,0,10718,2,0,0,0,10725,10725,"g","g","a","a",0.000466200466200466,0.000466200466200466,1,8.46e-07,1,"N","H","Y",1,0,0.00130480485571869
"41",131,10697,2,26,4,0,0,0,10729,10729,"a","a","g","g",0.00242333861496878,0.00242333861496878,0.0028378205,7.93e-07,0.0028378205,"G","A","V",1,0,0.00595075380593649
"42",132,3,6,1,10710,0,0,0,10720,10720,"t","t","c","c",0.000559701492537313,0.000559701492537313,0.0478826666666666,3.6e-06,0.0478826666666666,"D","E","E",0,0,0.00186457510933995
"43",133,10672,1,25,28,0,0,0,10726,10726,"a","a","g","g",0.00233078500839083,0.00233078500839083,0.005674054,7.93e-07,0.005674054,"A","P","S",0,0,0.0100323245652352
"44",134,0,10724,0,6,0,0,0,10730,10730,"c","c","t","t",0.000559179869524697,0.000559179869524697,1,1.7e-07,1,"I","N","S",0,0,0.00111783855359919
"45",135,3,10,1,10719,0,0,0,10733,10733,"t","t","c","c",0.000931705953601044,0.000931705953601044,0.0479407333333333,3.6e-06,0.0479407333333333,"T","T","T",0,0,0.00260636319398246
"46",136,1,17,2,10718,0,0,0,10738,10738,"t","t","c","c",0.00158316260011175,0.00158316260011175,0.1438892,3.6e-06,0.1438892,"R","R","G",1,1,0.00371941601145858
"47",137,40,3,10683,1,0,8,0,10727,10735,"g","g","a","a",0.003728908362077,0.003728908362077,0.003025014,8.46e-07,0.003025014,"*","S","L",0,1,0.00817354393750717
"48",138,37,18,10673,2,0,2,0,10730,10732,"g","g","a","a",0.00344827586206897,0.00344827586206897,0.00050431,8.46e-07,0.00050431,"*","C","C",1,1,0.0105824447193794
"49",139,16,0,10711,3,0,0,0,10730,10730,"g","g","a","a",0.00149114631873253,0.00149114631873253,1,8.46e-07,1,"R","R","*",1,0,0.00353636488957774
"50",140,39,0,10684,2,0,0,0,10725,10725,"g","g","a","a",0.00363636363636364,0.00363636363636364,1,8.46e-07,1,"E","A","V",1,0,0.00761852594750767
"51",141,10696,0,22,5,0,1,0,10723,10724,"a","a","g","g",0.00205166464608785,0.00205166464608785,1,7.93e-07,1,"G","G","G",0,0,0.00502560597229207
"52",142,10685,1,28,6,0,0,0,10720,10720,"a","a","g","g",0.00261194029850746,0.00261194029850746,0.00567088,7.93e-07,0.00567088,"A","P","S",0,0,0.00651265433259117
"53",143,0,10718,1,6,0,0,0,10725,10725,"c","c","t","t",0.000559440559440559,0.000559440559440559,1,1.7e-07,1,"I","K","R",1,0,0.00130473529951337
"54",144,10710,1,14,3,0,0,0,10728,10728,"a","a","g","g",0.00130499627143922,0.00130499627143922,0.005675112,7.93e-07,0.005675112,"T","T","T",0,0,0.00335141200426252
"55",145,10624,1,23,5,0,0,0,10653,10653,"a","a","g","g",0.00215901623955693,0.00215901623955693,0.005635437,7.93e-07,0.005635437,"A","P","S",0,0,0.00543268466966636
"56",146,1,10647,0,5,0,1,0,10653,10654,"c","c","t","t",0.00046935135642542,0.00046935135642542,0.06881838,1.7e-07,0.06881838,"I","N","S",0,0,0.00112600263266807
"57",147,3,29,1,10619,0,1,0,10652,10653,"t","t","c","c",0.00272249342846414,0.00272249342846414,0.0475789333333334,3.6e-06,0.0475789333333334,"T","T","T",0,0,0.00617950188503841
"58",148,2,10635,2,16,0,0,0,10655,10655,"c","c","t","t",0.0015016424213984,0.0015016424213984,0.0344156499999999,1.7e-07,0.0344156499999999,"*","K","E",1,1,0.0037486091458149
"59",149,10621,2,28,4,0,0,0,10655,10655,"a","a","g","g",0.00262787423744721,0.00262787423744721,0.00281824749999999,7.93e-07,0.00281824749999999,"R","P","L",1,0,0.00636531338496139
"60",150,3,0,10641,2,0,0,0,10646,10646,"g","g","a","a",0.000281795979710689,0.000281795979710689,1,8.46e-07,1,"Q","H","H",1,0,0.000939072859018976
"61",151,7,25,1,10608,0,0,0,10641,10641,"t","t","c","c",0.0023494032515741,0.0023494032515741,0.0203699142857143,3.6e-06,0.0203699142857143,"R","S","G",0,0,0.00618742726565498
"62",152,8,1,10625,1,0,0,0,10635,10635,"g","g","a","a",0.00075223319228961,0.00075223319228961,0.00899721,8.46e-07,0.00899721,"Y","S","F",1,0,0.0018792920031277
"63",153,0,10631,0,7,0,1,0,10638,10639,"c","c","t","t",0.000658018424515886,0.000658018424515886,1,1.7e-07,1,"C","*","W",1,0,0.00131529451368401
"64",154,24,10612,0,3,0,0,0,10639,10639,"c","c","t","t",0.000281981389228311,0.000281981389228311,0.00286366416666666,1.7e-07,0.00286366416666666,"L","I","V",0,0,0.00506453206914063
"65",155,4,15,2,10616,0,1,0,10637,10638,"t","t","c","c",0.001410172040989,0.001410172040989,0.03563395,3.6e-06,0.03563395,"P","Q","R",1,0,0.00394278940691915
"66",156,10606,0,26,5,0,0,0,10637,10637,"a","a","g","g",0.00244429820438093,0.00244429820438093,1,7.93e-07,1,"L","L","L",0,0,0.00581456872300286
"67",157,0,10626,0,16,0,1,0,10642,10643,"c","c","t","t",0.00150347679007705,0.00150347679007705,1,1.7e-07,1,"S","T","A",1,0,0.00300271485224298
"68",158,6,10627,0,11,0,0,0,10644,10644,"c","c","t","t",0.00103344607290492,0.00103344607290492,0.01146004,1.7e-07,0.01146004,"L","Q","R",1,1,0.00319065098743079
"69",159,10619,1,19,4,0,2,0,10643,10645,"a","a","g","g",0.00178521093676595,0.00178521093676595,0.005630147,7.93e-07,0.005630147,"P","P","P",0,0,0.00450200748160875
"70",160,9,0,10636,2,0,2,0,10647,10649,"g","g","a","a",0.00084530853761623,0.00084530853761623,1,8.46e-07,1,"N","H","Y",1,0,0.00206468643873809
"71",161,10624,0,21,3,0,0,0,10648,10648,"a","a","g","g",0.00197220135236664,0.00197220135236664,1,7.93e-07,1,"G","A","V",1,0,0.00449926212799703
"72",162,0,23,0,10619,0,0,0,10642,10642,"t","t","c","c",0.00216124788573576,0.00216124788573576,1,3.6e-06,1,"D","E","E",0,0,0.00431355912012557
"73",163,10623,0,16,2,0,2,0,10641,10643,"a","a","g","g",0.00150361808100742,0.00150361808100742,1,7.93e-07,1,"D","H","Y",1,0,0.00337830055827474
"74",164,10614,2,25,4,0,0,0,10645,10645,"a","a","g","g",0.00234852043212776,0.00234852043212776,0.0028156025,7.93e-07,0.0028156025,"S","T","I",1,0,0.00581070378123263
"75",165,2,9,0,10636,0,0,0,10647,10647,"t","t","c","c",0.00084530853761623,0.00084530853761623,0.0713348999999998,3.6e-06,0.0713348999999998,"N","K","K",1,1,0.00206468643873809
"76",166,92,2,10547,4,0,0,0,10645,10645,"g","g","a","a",0.00864255519023015,0.00864255519023015,0.00450283499999999,8.46e-07,0.00450283499999999,"S","R","C",0,0,0.0182544906517237
"77",167,3,0,10636,4,0,0,0,10643,10643,"g","g","a","a",0.000281875411068308,0.000281875411068308,1,8.46e-07,1,"D","A","V",1,0,0.00131488884356264
"78",168,2,476,0,10164,0,0,0,10642,10642,"t","t","c","c",0.0447284345047923,0.0447284345047923,0.0713013999999999,3.6e-06,0.0713013999999999,"G","G","G",0,0,0.0858226543440488
"79",169,35,0,10598,3,0,2,0,10636,10638,"g","g","a","a",0.0032907107935314,0.0032907107935314,1,8.46e-07,1,"N","H","Y",1,0,0.00712254006715004
"80",170,10627,1,24,4,0,0,0,10656,10656,"a","a","g","g",0.00225225225225225,0.00225225225225225,0.005637024,7.93e-07,0.005637024,"G","A","V",1,0,0.00543082383180929
"81",171,3,13,2,10656,0,1,0,10674,10675,"t","t","c","c",0.00121791268502904,0.00121791268502904,0.0476771999999999,3.6e-06,0.0476771999999999,"D","E","E",0,0,0.00336855570981683
"82",172,1,9,1,10673,0,0,0,10684,10684,"t","t","c","c",0.000842381130662673,0.000842381130662673,0.1431656,3.6e-06,0.1431656,"H","N","D",1,0,0.00205755930241552
"83",173,10643,1,42,0,0,0,0,10686,10686,"a","a","g","g",0.00393037619314992,0.00393037619314992,0.005652894,7.93e-07,0.005652894,"C","S","F",0,0,0.00801701455185943
"84",174,1,21,0,10663,0,0,0,10685,10685,"t","t","c","c",0.00196537201684605,0.00196537201684605,0.143179,3.6e-06,0.143179,"Y","*","*",1,0,0.00411019622360272
"85",175,1,26,0,10664,0,0,0,10691,10691,"t","t","c","c",0.00243195210925077,0.00243195210925077,0.1432594,3.6e-06,0.1432594,"P","T","A",1,0,0.00503914756902351
"86",176,0,10696,1,5,0,0,0,10702,10702,"c","c","t","t",0.000467202392076247,0.000467202392076247,1,1.7e-07,1,"L","*","*",1,1,0.00112084914403684
"87",177,10691,0,19,1,0,3,0,10711,10714,"a","a","g","g",0.00177387732237886,0.00177387732237886,1,7.93e-07,1,"S","S","S",0,0,0.0037281847043115
"88",178,3,0,10705,4,0,3,0,10712,10715,"g","g","a","a",0.000280059746079164,0.000280059746079164,1,8.46e-07,1,"K","Q","*",1,0,0.00130642254314226
"89",179,10672,1,45,4,0,1,0,10722,10723,"a","a","g","g",0.00419697817571349,0.00419697817571349,0.005671938,7.93e-07,0.005671938,"G","A","V",1,0,0.00928797546896726
"90",180,10695,0,28,1,0,0,0,10724,10724,"a","a","g","g",0.00261096605744125,0.00261096605744125,1,7.93e-07,1,"E","D","D",0,0,0.00539479413140846
"91",181,2,13,1,10699,0,0,0,10715,10715,"t","t","c","c",0.00121325244983668,0.00121325244983668,0.0717904999999998,3.6e-06,0.0717904999999998,"L","M","V",0,0,0.0029830006852757
"92",182,2,27,0,10678,0,1,0,10707,10708,"t","t","c","c",0.00252171476604091,0.00252171476604091,0.0717368999999998,3.6e-06,0.0717368999999998,"S","*","W",0,1,0.00540379164663031
"93",183,87,0,10621,1,0,2,0,10709,10711,"g","g","a","a",0.00812400784386964,0.00812400784386964,1,8.46e-07,1,"L","F","F",0,0,0.016302763154714
"94",184,12,1,10700,3,0,0,0,10716,10716,"g","g","a","a",0.00111982082866741,0.00111982082866741,0.009065736,8.46e-07,0.009065736,"T","P","S",1,0,0.0029828968226804
"95",185,0,10760,0,6,0,1,0,10766,10767,"c","c","t","t",0.000557310050157905,0.000557310050157905,1,1.7e-07,1,"V","D","G",1,0,0.00111410239474204
"96",186,4,10803,0,11,0,0,0,10818,10818,"c","c","t","t",0.00101682381216491,0.00101682381216491,0.01747107,1.7e-07,0.01747107,"A","A","A",0,0,0.00277031868842812
"97",187,1,10854,2,6,0,0,0,10863,10863,"c","c","t","t",0.000552333609500138,0.000552333609500138,0.07017498,1.7e-07,0.07017498,"F","I","V",0,0,0.00165611942704905
"98",188,5,16,1,10861,0,2,0,10883,10885,"t","t","c","c",0.00147018285399247,0.00147018285399247,0.02916644,3.6e-06,0.02916644,"P","H","R",1,0,0.00403690635874519
"99",189,1,11,0,10897,0,0,0,10909,10909,"t","t","c","c",0.00100834173618113,0.00100834173618113,0.1461806,3.6e-06,0.1461806,"L","L","L",0,0,0.00219798464094889
"100",190,10915,1,12,1,0,0,0,10929,10929,"a","a","g","g",0.00109799615701345,0.00109799615701345,0.005781441,7.93e-07,0.005781441,"D","H","Y",1,0,0.00255936192437089
"101",191,10915,0,19,2,0,0,0,10936,10936,"a","a","g","g",0.0017373811265545,0.0017373811265545,1,7.93e-07,1,"S","T","I",1,0,0.00383413794822033
"102",192,0,62,1,10870,0,0,0,10933,10933,"t","t","c","c",0.00567090460075002,0.00567090460075002,1,3.6e-06,1,"N","K","K",1,0,0.0114604174065038
"103",193,10,2,10916,3,0,0,0,10931,10931,"g","g","a","a",0.000914829384319824,0.000914829384319824,0.004623813,8.46e-07,0.004623813,"I","L","F",0,0,0.00274191022569167
"104",194,3,21,4,10900,0,1,0,10928,10929,"t","t","c","c",0.00192166910688141,0.00192166910688141,0.0488117333333334,3.6e-06,0.0488117333333334,"A","D","G",1,0,0.00511445181057145
"105",195,3,24,0,10906,0,0,0,10933,10933,"t","t","c","c",0.00219518887770969,0.00219518887770969,0.0488340666666666,3.6e-06,0.0488340666666666,"V","V","V",0,0,0.00492863276700928
"106",196,10891,0,38,0,0,1,0,10929,10930,"a","a","g","g",0.00347698783054259,0.00347698783054259,1,7.93e-07,1,"A","P","S",0,0,0.00693043090454601
"107",197,0,10903,1,14,0,0,0,10918,10918,"c","c","t","t",0.00128228613299139,0.00128228613299139,1,1.7e-07,1,"I","K","R",1,1,0.00274446718258468
"108",198,10490,2,423,5,0,2,0,10920,10922,"a","a","g","g",0.0387362637362637,0.0387362637362637,0.00288834,7.93e-07,0.00288834,"T","T","T",0,0,0.0757101996821751
"109",199,5,1,10912,0,0,2,0,10918,10920,"g","g","a","a",0.000457959333211211,0.000457959333211211,0.009236628,8.46e-07,0.009236628,"K","Q","*",1,0,0.00109868290778311
"110",200,10901,3,23,6,0,0,0,10933,10933,"a","a","g","g",0.00210372267447178,0.00210372267447178,0.00192785233333333,7.93e-07,0.00192785233333333,"G","A","V",1,0,0.00584100228752523
"111",201,10907,1,30,2,0,0,0,10940,10940,"a","a","g","g",0.00274223034734918,0.00274223034734918,0.00578726,7.93e-07,0.00578726,"E","D","D",0,1,0.00601679615043235
"112",202,10914,1,22,8,0,0,0,10945,10945,"a","a","g","g",0.00201005025125628,0.00201005025125628,0.005789905,7.93e-07,0.005789905,"G","R","C",1,0,0.00565259845212239
"113",203,3,0,10934,7,0,0,0,10944,10944,"g","g","a","a",0.000274122807017544,0.000274122807017544,1,8.46e-07,1,"N","T","I",1,0,0.00182633307735512
"114",204,1,10942,0,9,0,0,0,10952,10952,"c","c","t","t",0.000821767713659606,0.000821767713659606,0.07074992,1.7e-07,0.07074992,"S","R","R",1,0,0.0018247997471171
"115",205,1,21,0,10919,0,2,0,10941,10943,"t","t","c","c",0.00191938579654511,0.00191938579654511,0.1466094,3.6e-06,0.1466094,"L","I","V",0,0,0.00401420148320884
"116",206,3,17,1,10926,0,0,0,10947,10947,"t","t","c","c",0.00155293687768338,0.00155293687768338,0.0488965999999999,3.6e-06,0.0488965999999999,"S","Y","C",1,0,0.0038308424603697
"117",207,3,14,2,10924,0,0,0,10943,10943,"t","t","c","c",0.00127935666636206,0.00127935666636206,0.0488787333333333,3.6e-06,0.0488787333333333,"F","L","L",0,0,0.00346809650037975
"118",208,9,0,10931,3,0,1,0,10943,10944,"g","g","a","a",0.000822443571232751,0.000822443571232751,1,8.46e-07,1,"N","H","Y",1,0,0.00219142903190897
"119",209,10925,0,14,1,0,0,0,10940,10940,"a","a","g","g",0.00127970749542962,0.00127970749542962,1,7.93e-07,1,"G","A","V",1,0,0.00273895474538629
"120",210,1,27,5,10894,0,0,0,10927,10927,"t","t","c","c",0.00247094353436442,0.00247094353436442,0.1464218,3.6e-06,0.1464218,"D","E","E",0,0,0.00602519162623519
"121",211,9,1,10909,5,0,0,0,10924,10924,"g","g","a","a",0.000823874038813621,0.000823874038813621,0.00924170400000001,8.46e-07,0.00924170400000001,"T","P","S",1,0,0.00274371584748913
"122",212,2,10914,1,9,0,1,0,10926,10927,"c","c","t","t",0.000823723228995058,0.000823723228995058,0.03529098,1.7e-07,0.03529098,"V","D","G",1,0,0.00219486950071021
"123",213,1,17,2,10901,0,1,0,10921,10922,"t","t","c","c",0.00155663400787474,0.00155663400787474,0.1463414,3.6e-06,0.1463414,"A","A","A",0,0,0.0036571843137176
"124",214,0,14,0,10912,0,0,0,10926,10926,"t","t","c","c",0.00128134724510342,0.00128134724510342,1,3.6e-06,1,"R","R","G",1,1,0.00255964505969218
"125",215,29,4,10887,1,0,5,0,10921,10926,"g","g","a","a",0.00265543448402161,0.00265543448402161,0.0023097915,8.46e-07,0.0023097915,"*","S","L",0,1,0.00621021837485531
"126",216,62,0,10857,0,0,1,0,10919,10920,"g","g","a","a",0.00567817565711146,0.00567817565711146,1,8.46e-07,1,"*","C","C",1,0,0.0112929021999009
"127",217,9,0,10914,1,0,0,0,10924,10924,"g","g","a","a",0.000823874038813621,0.000823874038813621,1,8.46e-07,1,"K","Q","*",1,1,0.00182947353621752
"128",218,10852,1,66,3,0,0,0,10922,10922,"a","a","g","g",0.00604284929500092,0.00604284929500092,0.005777738,7.93e-07,0.005777738,"G","A","V",1,0,0.012741655579371
"129",219,390,1,10516,5,0,0,0,10912,10912,"g","g","a","a",0.0357404692082111,0.0357404692082111,0.009231552,8.46e-07,0.009231552,"E","D","D",0,0,0.0699924724194771
"130",220,10887,1,18,8,0,0,0,10914,10914,"a","a","g","g",0.00164925783397471,0.00164925783397471,0.005773506,7.93e-07,0.005773506,"D","H","Y",1,0,0.00493884016891992
"131",221,10874,0,33,6,0,0,0,10913,10913,"a","a","g","g",0.00302391642994594,0.00302391642994594,1,7.93e-07,1,"S","T","I",1,0,0.00712587398117825
"132",222,0,9,0,10887,0,0,0,10896,10896,"t","t","c","c",0.000825991189427313,0.000825991189427313,1,3.6e-06,1,"N","K","K",1,0,0.00165076935829191
"133",223,10873,0,8,2,0,0,0,10883,10883,"a","a","g","g",0.000735091426996233,0.000735091426996233,1,7.93e-07,1,"A","P","S",0,0,0.00183647887153401
"134",224,1,10867,0,8,0,0,0,10876,10876,"c","c","t","t",0.000735564545788893,0.000735564545788893,0.07025896,1.7e-07,0.07025896,"I","K","R",1,1,0.00165393801811856
"135",225,10837,2,31,5,0,0,0,10875,10875,"a","a","g","g",0.00285057471264368,0.00285057471264368,0.00287643750000001,7.93e-07,0.00287643750000001,"T","T","T",0,0,0.00696856574471639
"136",226,1,1,10859,0,0,0,0,10861,10861,"g","g","a","a",9.20725531718995e-05,9.20725531718995e-05,0.009188406,8.46e-07,0.009188406,"I","L","F",0,0,0.000368273256416295
"137",227,7,22,1,10827,0,0,0,10857,10857,"t","t","c","c",0.00202634245187437,0.00202634245187437,0.0207834,3.6e-06,0.0207834,"A","D","G",1,0,0.00551473096119453
"138",228,4,10846,0,5,0,2,0,10855,10857,"c","c","t","t",0.000460617227084293,0.000460617227084293,0.017530825,1.7e-07,0.017530825,"V","V","V",0,0,0.00165733931634965
"139",229,10808,0,36,4,0,1,0,10848,10849,"a","a","g","g",0.00331858407079646,0.00331858407079646,1,7.93e-07,1,"A","P","S",0,0,0.00735056360485193
"140",230,3,10825,2,1,0,0,0,10831,10831,"c","c","t","t",9.23275782476226e-05,9.23275782476226e-05,0.0233227533333333,1.7e-07,0.0233227533333333,"I","K","R",1,1,0.00110760698255657
"141",231,10766,7,33,12,0,2,0,10818,10820,"a","a","g","g",0.00305047143649473,0.00305047143649473,0.000817531714285714,7.93e-07,0.000817531714285714,"T","T","T",0,0,0.00958043265469934
"142",232,7,1,10798,0,0,2,0,10806,10808,"g","g","a","a",0.000647788265778271,0.000647788265778271,0.009141876,8.46e-07,0.009141876,"K","Q","*",1,0,0.00147981955625969
"143",233,10741,0,61,3,0,0,0,10805,10805,"a","a","g","g",0.00564553447478019,0.00564553447478019,1,7.93e-07,1,"G","A","V",1,0,0.011780424443892
"144",234,10763,0,32,3,0,0,0,10798,10798,"a","a","g","g",0.0029635117614373,0.0029635117614373,1,7.93e-07,1,"E","D","D",0,0,0.00646391471717455
"145",235,0,10785,2,5,0,0,0,10792,10792,"c","c","t","t",0.000463306152705708,0.000463306152705708,1,1.7e-07,1,"*","K","E",1,1,0.00129670766601963
"146",236,10757,1,20,8,0,1,0,10786,10787,"a","a","g","g",0.00185425551641016,0.00185425551641016,0.005705794,7.93e-07,0.005705794,"R","P","L",1,1,0.00536661262074904
"147",237,8,0,10760,5,0,0,0,10773,10773,"g","g","a","a",0.000742597233825304,0.000742597233825304,1,8.46e-07,1,"Q","H","H",1,0,0.00241144181574537
"148",238,27,0,10735,1,0,0,0,10763,10763,"g","g","a","a",0.00250859425810648,0.00250859425810648,1,8.46e-07,1,"T","P","S",1,0,0.0051904230533125
"149",239,12,10729,0,7,0,1,0,10748,10749,"c","c","t","t",0.000651283959806476,0.000651283959806476,0.00578600666666668,1.7e-07,0.00578600666666668,"V","E","G",1,0,0.0035310743022806
"150",240,10682,0,61,4,0,1,0,10747,10748,"a","a","g","g",0.00567600260537825,0.00567600260537825,1,7.93e-07,1,"A","A","A",0,0,0.0120285819920122
"151",241,10720,0,18,1,0,0,0,10739,10739,"a","a","g","g",0.0016761337182233,0.0016761337182233,1,7.93e-07,1,"V","L","L",0,0,0.00353288514449876
"152",242,3,16,0,10702,0,0,0,10721,10721,"t","t","c","c",0.00149239809719243,0.00149239809719243,0.0478871333333333,3.6e-06,0.0478871333333333,"T","K","R",1,1,0.00353932928399695
"153",243,10667,1,34,0,0,0,0,10702,10702,"a","a","g","g",0.00317697626611848,0.00317697626611848,0.005661358,7.93e-07,0.005661358,"M","I","I",0,0,0.00652064524627744
"154",244,4,0,10680,2,0,0,0,10686,10686,"g","g","a","a",0.000374321542204754,0.000374321542204754,1,8.46e-07,1,"K","Q","*",1,1,0.00112257926985579
"155",245,10657,0,20,5,0,0,0,10682,10682,"a","a","g","g",0.0018723085564501,0.0018723085564501,1,7.93e-07,1,"G","A","V",1,1,0.00467200672229064
"156",246,4,0,10668,2,0,0,0,10674,10674,"g","g","a","a",0.000374742364624321,0.000374742364624321,1,8.46e-07,1,"E","D","D",0,0,0.00112384087012979
"157",247,55,2,10601,1,0,0,0,10659,10659,"g","g","a","a",0.00515995872033024,0.00515995872033024,0.004508757,8.46e-07,0.004508757,"N","H","Y",1,0,0.0108275597057988
"158",248,10615,1,18,9,0,0,0,10643,10643,"a","a","g","g",0.00169125246640985,0.00169125246640985,0.005630147,7.93e-07,0.005630147,"G","A","V",1,0,0.00525166222705095
"159",249,1,29,0,10564,0,0,0,10594,10594,"t","t","c","c",0.00273739852746838,0.00273739852746838,0.1419596,3.6e-06,0.1419596,"D","E","E",0,0,0.00564859504410899
"160",250,86,0,10503,1,0,0,0,10590,10590,"g","g","a","a",0.00812086874409821,0.00812086874409821,1,8.46e-07,1,"I","L","L",0,0,0.0162986854264911
"161",251,2,13,1,10564,0,0,0,10580,10580,"t","t","c","c",0.00122873345935728,0.00122873345935728,0.0708859999999999,3.6e-06,0.0708859999999999,"A","E","G",1,0,0.00302101874259219
"162",252,10551,2,11,2,0,0,0,10566,10566,"a","a","g","g",0.00104107514669695,0.00104107514669695,0.002794707,7.93e-07,0.002794707,"V","V","V",0,0,0.00283639340358877
"163",253,4,15,2,10542,0,0,0,10563,10563,"t","t","c","c",0.00142005112184039,0.00142005112184039,0.03538605,3.6e-06,0.03538605,"R","R","G",1,1,0.00397037079423353
"164",254,13,1,10543,9,0,1,0,10566,10567,"g","g","a","a",0.00123036153700549,0.00123036153700549,0.008938836,8.46e-07,0.008938836,"*","S","L",0,0,0.00434701167134687
"165",255,16,0,10523,7,0,0,0,10546,10546,"g","g","a","a",0.00151716290536696,0.00151716290536696,1,8.46e-07,1,"*","C","C",1,0,0.00435475750436773
"166",256,0,10542,0,6,0,0,0,10548,10548,"c","c","t","t",0.000568828213879408,0.000568828213879408,1,1.7e-07,1,"*","K","E",1,0,0.00113711710073324
"167",257,10517,1,24,5,0,0,0,10547,10547,"a","a","g","g",0.00227552858632787,0.00227552858632787,0.005579363,7.93e-07,0.005579363,"R","P","L",1,0,0.00567585718148799
"168",258,10524,0,13,6,0,0,0,10543,10543,"a","a","g","g",0.00123304562268804,0.00123304562268804,1,7.93e-07,1,"Q","H","H",1,0,0.00359953662403542
"169",259,0,10518,0,9,0,0,0,10527,10527,"c","c","t","t",0.00085494442861214,0.00085494442861214,1,1.7e-07,1,"F","I","V",0,0,0.00170858930270615
"170",260,2,33,1,10484,0,0,0,10520,10520,"t","t","c","c",0.00313688212927757,0.00313688212927757,0.0704839999999999,3.6e-06,0.0704839999999999,"P","H","R",1,0,0.00682315939616056
"171",261,22,10482,0,6,0,0,0,10510,10510,"c","c","t","t",0.000570884871550904,0.000570884871550904,0.00308611818181818,1.7e-07,0.00308611818181818,"L","L","L",0,0,0.00531695952877688
"172",262,1,21,1,10471,0,3,0,10494,10497,"t","t","c","c",0.00200114351057747,0.00200114351057747,0.1406196,3.6e-06,0.1406196,"L","I","V",0,0,0.00437504771211519
"173",263,1,16,1,10472,0,2,0,10490,10492,"t","t","c","c",0.00152526215443279,0.00152526215443279,0.140566,3.6e-06,0.140566,"S","Y","C",1,0,0.00342687754687125
"174",264,0,25,0,10458,0,0,0,10483,10483,"t","t","c","c",0.00238481350758371,0.00238481350758371,1,3.6e-06,1,"F","L","L",0,0,0.004758706289317
"175",265,77,3,10361,1,0,1,0,10442,10443,"g","g","a","a",0.00737406627082934,0.00737406627082934,0.002944644,8.46e-07,0.002944644,"K","Q","*",1,1,0.0154011025112222
"176",266,10399,0,25,2,0,0,0,10426,10426,"a","a","g","g",0.00239785152503357,0.00239785152503357,1,7.93e-07,1,"G","A","V",1,0,0.00516736198610649
"177",267,30,1,10353,0,0,0,0,10384,10384,"g","g","a","a",0.00288906009244992,0.00288906009244992,0.008784864,8.46e-07,0.008784864,"E","D","D",0,0,0.00595402924687103
"178",268,10283,0,89,4,0,0,0,10376,10376,"a","a","g","g",0.0085774865073246,0.0085774865073246,1,7.93e-07,1,"A","P","S",0,0,0.0177736388886309
"179",269,0,10348,0,16,0,1,0,10364,10365,"c","c","t","t",0.00154380548050946,0.00154380548050946,1,1.7e-07,1,"I","N","S",0,0,0.0030831417759938
"180",270,6,10323,1,25,0,0,0,10355,10355,"c","c","t","t",0.00241429261226461,0.00241429261226461,0.0111488833333333,1.7e-07,0.0111488833333333,"T","T","T",0,0,0.00616546070177988
"181",271,9,24,2,10299,0,0,0,10334,10334,"t","t","c","c",0.00232243081091542,0.00232243081091542,0.0153861777777778,3.6e-06,0.0153861777777778,"P","T","A",1,0,0.00675674979632655
"182",272,17,10299,0,9,0,0,0,10325,10325,"c","c","t","t",0.000871670702179177,0.000871670702179177,0.00392350000000001,1.7e-07,0.00392350000000001,"L","*","*",1,0,0.00502699462359035
"183",273,10301,2,10,1,0,0,0,10314,10314,"a","a","g","g",0.000969555943377933,0.000969555943377933,0.00272805299999999,7.93e-07,0.00272805299999999,"S","S","S",0,0,0.00251851393068471
"184",274,10260,0,21,3,0,0,0,10284,10284,"a","a","g","g",0.00204200700116686,0.00204200700116686,1,7.93e-07,1,"V","L","L",0,0,0.00465819637967798
"185",275,37,7,0,10217,0,0,0,10261,10261,"t","t","c","c",0.000682194717863756,0.000682194717863756,0.00371614594594595,3.6e-06,0.00371614594594595,"T","K","R",1,0,0.00854513950036598
"186",276,10211,0,10,35,0,1,0,10256,10257,"a","a","g","g",0.000975039001560062,0.000975039001560062,1,7.93e-07,1,"M","I","I",0,0,0.00874435513744294
"187",277,10227,0,14,0,0,0,0,10241,10241,"a","a","g","g",0.00136705399863295,0.00136705399863295,1,7.93e-07,1,"E","Q","*",1,1,0.00273063696172249
"188",278,10197,0,27,4,0,0,0,10228,10228,"a","a","g","g",0.00263981228001564,0.00263981228001564,1,7.93e-07,1,"R","T","M",1,0,0.00604607440815812
"189",279,1,0,10194,0,0,0,0,10195,10195,"g","g","a","a",9.80872976949485e-05,9.80872976949485e-05,1,8.46e-07,1,"K","N","N",1,0,0.000196174595389897
"190",280,3,10172,0,4,0,0,0,10179,10179,"c","c","t","t",0.00039296591020729,0.00039296591020729,0.02191878,1.7e-07,0.02191878,"S","T","A",1,0,0.00137480154555523
"191",281,2,10162,1,3,0,0,0,10168,10168,"c","c","t","t",0.000295043273013375,0.000295043273013375,0.03284264,1.7e-07,0.03284264,"L","H","R",1,0,0.00117980550920787
"192",282,3,22,1,10131,0,1,0,10157,10158,"t","t","c","c",0.00216599389583538,0.00216599389583538,0.0453679333333334,3.6e-06,0.0453679333333334,"P","P","P",0,0,0.00510878382300598
"193",283,0,15,0,10131,0,0,0,10146,10146,"t","t","c","c",0.00147841513897102,0.00147841513897102,1,3.6e-06,1,"R","S","G",0,0,0.00295274988130418
"194",284,9,0,10091,1,0,0,0,10101,10101,"g","g","a","a",0.000891000891000891,0.000891000891000891,1,8.46e-07,1,"Y","S","F",1,0,0.00197841405762198
"195",285,0,23,0,10050,0,0,0,10073,10073,"t","t","c","c",0.00228333167874516,0.00228333167874516,1,3.6e-06,1,"C","*","W",1,0,0.00455668851695569
"196",286,2,0,10048,0,0,0,0,10050,10050,"g","g","a","a",0.000199004975124378,0.000199004975124378,1,8.46e-07,1,"I","L","L",0,0,0.000397970343327645
"197",287,4,22,0,9992,0,0,0,10018,10018,"t","t","c","c",0.00219604711519265,0.00219604711519265,0.0335603,3.6e-06,0.0335603,"A","E","G",1,0,0.00517945605467312
"198",288,9979,0,13,2,0,9,0,9994,10003,"a","a","g","g",0.00130078046828097,0.00130078046828097,1,7.93e-07,1,"V","V","V",0,0,0.00299811629197072
"199",289,9967,1,16,6,0,0,0,9990,9990,"a","a","g","g",0.0016016016016016,0.0016016016016016,0.00528471000000001,7.93e-07,0.00528471000000001,"E","Q","*",1,0,0.00459682828288294
"200",290,9956,1,26,2,0,0,0,9985,9985,"a","a","g","g",0.00260390585878818,0.00260390585878818,0.005282065,7.93e-07,0.005282065,"R","T","I",1,0,0.00579402757983129
"201",291,9940,2,19,1,0,0,0,9962,9962,"a","a","g","g",0.00190724754065449,0.00190724754065449,0.002634949,7.93e-07,0.002634949,"K","N","N",1,0,0.00440866135608052
"202",292,0,13,1,9930,0,0,0,9944,9944,"t","t","c","c",0.00130732099758648,0.00130732099758648,1,3.6e-06,1,"L","I","V",0,0,0.00281234978233534
"203",293,3,14,1,9908,0,0,0,9926,9926,"t","t","c","c",0.00141043723554302,0.00141043723554302,0.0443361333333333,3.6e-06,0.0443361333333333,"S","*","*",1,0,0.00362182416887486
"204",294,9858,0,14,0,0,1,0,9872,9873,"a","a","g","g",0.00141815235008104,0.00141815235008104,1,7.93e-07,1,"L","F","F",0,0,0.00283256931761703
"205",295,0,13,0,9819,0,0,0,9832,9832,"t","t","c","c",0.00132221318144833,0.00132221318144833,1,3.6e-06,1,"P","T","A",1,0,0.00264119850038474
"206",296,12,9778,0,14,0,5,0,9804,9809,"c","c","t","t",0.00142798857609139,0.00142798857609139,0.00527781999999998,1.7e-07,0.00527781999999998,"F","Y","C",1,0,0.00529392724972451
"207",297,10,9769,0,15,0,0,0,9794,9794,"c","c","t","t",0.00153154992852767,0.00153154992852767,0.00632692400000002,1.7e-07,0.00632692400000002,"S","S","S",0,0,0.00509578288960073
"208",298,1,9775,0,6,0,0,0,9782,9782,"c","c","t","t",0.000613371498671028,0.000613371498671028,0.06319172,1.7e-07,0.06319172,"S","T","A",1,0,0.00143044763744529
"209",299,0,9759,0,8,0,0,0,9767,9767,"c","c","t","t",0.000819084672878059,0.000819084672878059,1,1.7e-07,1,"L","Q","R",1,0,0.00163699515105816
"210",300,9693,0,33,3,0,0,0,9729,9729,"a","a","g","g",0.00339192106074622,0.00339192106074622,1,7.93e-07,1,"P","P","P",0,0,0.00737602092360874
"211",301,4,17,0,9680,0,1,0,9701,9702,"t","t","c","c",0.00175239666013813,0.00175239666013813,0.03249835,3.6e-06,0.03249835,"L","I","V",0,0,0.00432196914549143
"212",302,0,16,1,9662,0,0,0,9679,9679,"t","t","c","c",0.00165306333298895,0.00165306333298895,1,3.6e-06,1,"S","*","*",1,0,0.00350729378112851
"213",303,9585,0,13,2,0,1,0,9600,9601,"a","a","g","g",0.00135416666666667,0.00135416666666667,1,7.93e-07,1,"L","F","F",0,0,0.00312100652845783
"214",304,1,34,0,9533,0,0,0,9568,9568,"t","t","c","c",0.00355351170568562,0.00355351170568562,0.1282112,3.6e-06,0.1282112,"R","S","G",0,0,0.00729079598102871
"215",305,4,2,9503,3,0,0,0,9512,9512,"g","g","a","a",0.000420521446593776,0.000420521446593776,0.004023576,8.46e-07,0.004023576,"Y","S","F",1,0,0.00189132958261157
"216",306,0,9418,2,35,0,0,0,9455,9455,"c","c","t","t",0.00370174510840825,0.00370174510840825,1,1.7e-07,1,"C","*","W",1,0,0.00779831021248256
"217",307,9412,0,7,2,0,0,0,9421,9421,"a","a","g","g",0.000743020910731345,0.000743020910731345,1,7.93e-07,1,"V","L","F",0,0,0.00190931809520719
"218",308,2,15,0,9369,0,3,0,9386,9389,"t","t","c","c",0.00159812486682293,0.00159812486682293,0.0628862000000001,3.6e-06,0.0628862000000001,"T","N","S",1,0,0.0036169218349777
"219",309,0,18,2,9326,0,0,0,9346,9346,"t","t","c","c",0.00192595762893216,0.00192595762893216,1,3.6e-06,1,"I","I","M",0,0,0.00427202843378002
"220",310,9253,1,15,0,0,1,0,9269,9270,"a","a","g","g",0.00161829755097637,0.00161829755097637,0.00490330099999999,7.93e-07,0.00490330099999999,"A","P","S",0,0,0.00344712976967652
"221",311,0,9206,0,11,0,0,0,9217,9217,"c","c","t","t",0.00119344689161332,0.00119344689161332,1,1.7e-07,1,"I","N","S",0,0,0.00238430383771533
"222",312,1,9,0,9146,0,1,0,9156,9157,"t","t","c","c",0.000982961992136304,0.000982961992136304,0.1226904,3.6e-06,0.1226904,"T","T","T",0,0,0.00218242734289012
"223",313,9057,0,19,2,0,1,0,9078,9079,"a","a","g","g",0.00209297202026878,0.00209297202026878,1,7.93e-07,1,"V","L","L",0,0,0.00461729799755115
"224",314,0,5,0,9023,0,0,0,9028,9028,"t","t","c","c",0.000553832521045636,0.000553832521045636,1,3.6e-06,1,"T","K","R",1,0,0.00110717421898632
"225",315,26,2,8867,3,0,0,0,8898,8898,"g","g","a","a",0.00292200494493145,0.00292200494493145,0.003763854,8.46e-07,0.003763854,"I","I","I",0,1,0.00694779870414774
"226",316,8790,1,16,2,0,0,0,8809,8809,"a","a","g","g",0.00181632421387218,0.00181632421387218,0.004659961,7.93e-07,0.004659961,"G","R","*",1,0,0.00430624323299111
"227",317,4249,0,4264,4,0,3,0,8517,8520,"g","g","a","a",0.498884583773629,0.498884583773629,1,8.46e-07,1,"K","T","I",1,0,0.50052653513739
"228",318,8412,0,14,1,0,0,0,8427,8427,"a","a","g","g",0.00166132668802658,0.00166132668802658,1,7.93e-07,1,"R","S","S",1,0,0.00355446509221163
"229",319,0,10,1,8343,0,0,0,8354,8354,"t","t","c","c",0.00119703136222169,0.00119703136222169,1,3.6e-06,1,"R","S","G",0,0,0.00263060288564093
"230",320,30,1,8274,1,0,0,0,8306,8306,"g","g","a","a",0.00361184685769323,0.00361184685769323,0.00702687600000001,8.46e-07,0.00702687600000001,"Y","S","F",1,0,0.00767828048545889
"231",321,0,8255,0,10,0,0,0,8265,8265,"c","c","t","t",0.00120992135511192,0.00120992135511192,1,1.7e-07,1,"C","*","W",1,0,0.00241720735393245
"232",322,8232,0,17,1,0,1,0,8250,8251,"a","a","g","g",0.00206060606060606,0.00206060606060606,1,7.93e-07,1,"D","H","Y",1,0,0.00435514313948064
"233",323,8199,1,21,2,0,0,0,8223,8223,"a","a","g","g",0.0025538124771981,0.0025538124771981,0.00434996700000002,7.93e-07,0.00434996700000002,"S","T","I",1,0,0.0058228794039702
"234",324,3,9,0,8130,0,1,0,8142,8143,"t","t","c","c",0.00110537951363301,0.00110537951363301,0.0363676,3.6e-06,0.0363676,"N","K","K",1,0,0.0029445105186888
"235",325,8101,0,13,1,0,8,0,8115,8123,"a","a","g","g",0.00160197165742452,0.00160197165742452,1,7.93e-07,1,"E","Q","*",1,0,0.00344526723396772
"236",326,8067,1,20,3,0,0,0,8091,8091,"a","a","g","g",0.00247188233840069,0.00247188233840069,0.00428013899999999,7.93e-07,0.00428013899999999,"R","T","I",1,0,0.00591818741665227
"237",327,8052,0,19,3,0,0,0,8074,8074,"a","a","g","g",0.00235323259846421,0.00235323259846421,1,7.93e-07,1,"K","N","N",1,1,0.00543716442306657
"238",328,7972,1,22,3,0,0,0,7998,7998,"a","a","g","g",0.00275068767191798,0.00275068767191798,0.00423094199999999,7.93e-07,0.00423094199999999,"G","R","C",1,0,0.00648414573319458
"239",329,414,1,7372,3,0,0,0,7790,7790,"g","g","a","a",0.0531450577663671,0.0531450577663671,0.00659034,8.46e-07,0.00659034,"N","T","I",1,0,0.101626318409936
"240",330,2,9,0,7676,0,0,0,7687,7687,"t","t","c","c",0.00117080785742162,0.00117080785742162,0.0515029000000001,3.6e-06,0.0515029000000001,"S","R","R",1,0,0.002858860461754
"241",331,5,0,7470,2,0,0,0,7477,7477,"g","g","a","a",0.000668717400026749,0.000668717400026749,1,8.46e-07,1,"K","Q","*",1,1,0.00187126377856602
"242",332,7344,2,13,3,0,0,0,7362,7362,"a","a","g","g",0.00176582450421081,0.00176582450421081,0.001947249,7.93e-07,0.001947249,"G","A","V",1,0,0.00488130263238554
"243",333,9,1,7139,0,0,0,0,7149,7149,"g","g","a","a",0.00125891733109526,0.00125891733109526,0.00604805399999999,8.46e-07,0.00604805399999999,"E","D","D",0,0,0.00279442387996239
"244",334,7089,1,14,2,0,0,0,7106,7106,"a","a","g","g",0.00197016605685336,0.00197016605685336,0.00375907400000001,7.93e-07,0.00375907400000001,"A","P","S",0,0,0.00477565716931881
"245",335,0,7027,0,17,0,0,0,7044,7044,"c","c","t","t",0.00241340147643384,0.00241340147643384,1,1.7e-07,1,"I","K","R",1,1,0.00481583761888418
"246",336,6944,1,27,4,0,0,0,6976,6976,"a","a","g","g",0.0038704128440367,0.0038704128440367,0.003690304,7.93e-07,0.003690304,"T","T","T",0,0,0.0091392506001118
"247",337,14,0,6687,3,0,0,0,6704,6704,"g","g","a","a",0.00208830548926014,0.00208830548926014,1,8.46e-07,1,"N","H","Y",1,0,0.00506136247190283
"248",338,6594,0,12,1,0,0,0,6607,6607,"a","a","g","g",0.00181625548660512,0.00181625548660512,1,7.93e-07,1,"G","A","V",1,0,0.00392862165426892
"249",339,0,5,0,6497,0,0,0,6502,6502,"t","t","c","c",0.000768994155644417,0.000768994155644417,1,3.6e-06,1,"D","E","E",0,0,0.00153704200252939
"250",340,6448,0,36,1,0,1,0,6485,6486,"a","a","g","g",0.00555127216653816,0.00555127216653816,1,7.93e-07,1,"E","Q","*",1,0,0.0113493055915587
"251",341,6459,0,6,1,0,0,0,6466,6466,"a","a","g","g",0.00092793071450665,0.00092793071450665,1,7.93e-07,1,"R","T","I",1,0,0.00216344928998588
"252",342,6431,0,8,0,0,0,0,6439,6439,"a","a","g","g",0.0012424289485945,0.0012424289485945,1,7.93e-07,1,"K","N","N",1,0,0.00248215612563257
"253",343,0,8,3,6332,0,0,0,6343,6343,"t","t","c","c",0.00126123285511588,0.00126123285511588,1,3.6e-06,1,"R","R","G",1,1,0.00346411464889048
"254",344,5,0,6296,2,0,4,0,6303,6307,"g","g","a","a",0.000793273044581945,0.000793273044581945,1,8.46e-07,1,"*","S","L",0,1,0.00221955330696676
"255",345,6,3,6212,1,0,0,0,6222,6222,"g","g","a","a",0.000964320154291225,0.000964320154291225,0.001754604,8.46e-07,0.001754604,"*","C","C",1,1,0.00321114529436515
"256",346,1,1,6106,2,0,0,0,6110,6110,"g","g","a","a",0.00016366612111293,0.00016366612111293,0.00516905999999999,8.46e-07,0.00516905999999999,"R","R","*",1,0,0.00130895389512776
"257",347,7,0,5994,2,0,0,0,6003,6003,"g","g","a","a",0.00116608362485424,0.00116608362485424,1,8.46e-07,1,"E","A","V",1,0,0.0029952812108885
"258",348,5757,0,11,2,0,0,0,5770,5770,"a","a","g","g",0.00190641247833622,0.00190641247833622,1,7.93e-07,1,"G","G","G",0,0,0.00449801469817314
"259",349,0,7,0,5705,0,0,0,5712,5712,"t","t","c","c",0.00122549019607843,0.00122549019607843,1,3.6e-06,1,"L","M","V",0,0,0.00244840538211432
"260",350,1,9,0,5631,0,0,0,5641,5641,"t","t","c","c",0.00159546179755363,0.00159546179755363,0.0755894,3.6e-06,0.0755894,"S","*","W",0,0,0.00354037876187638
"261",351,5,0,5515,1,0,1,0,5521,5522,"g","g","a","a",0.000905633037493208,0.000905633037493208,1,8.46e-07,1,"L","F","F",0,0,0.00217187865042302
"262",352,5482,0,7,3,0,0,0,5492,5492,"a","a","g","g",0.00127458120903132,0.00127458120903132,1,7.93e-07,1,"A","P","S",0,0,0.00363708448029173
"263",353,0,5452,0,4,0,0,0,5456,5456,"c","c","t","t",0.000733137829912023,0.000733137829912023,1,1.7e-07,1,"I","K","R",1,0,0.00146546927540984
"264",354,5412,0,21,3,0,12,0,5436,5448,"a","a","g","g",0.00386313465783664,0.00386313465783664,1,7.93e-07,1,"T","T","T",0,0,0.00879691964639295
"265",355,5436,0,4,1,0,0,0,5441,5441,"a","a","g","g",0.00073515897812902,0.00073515897812902,1,7.93e-07,1,"E","Q","*",1,0,0.00183681632917824
"266",356,5426,1,3,2,0,0,0,5432,5432,"a","a","g","g",0.000552282768777614,0.000552282768777614,0.002873528,7.93e-07,0.002873528,"R","T","I",1,0,0.00220784299156454
"267",357,5391,1,9,3,0,0,0,5404,5404,"a","a","g","g",0.00166543301258327,0.00166543301258327,0.00285871600000001,7.93e-07,0.00285871600000001,"K","N","N",1,0,0.00480323662608691
"268",358,1,42,1,5132,0,0,0,5176,5176,"t","t","c","c",0.00811437403400309,0.00811437403400309,0.0693584000000001,3.6e-06,0.0693584000000001,"P","T","A",1,0,0.0168666233601386
"269",359,1,5014,0,6,0,0,0,5021,5021,"c","c","t","t",0.00119498107946624,0.00119498107946624,0.0324356599999999,1.7e-07,0.0324356599999999,"L","*","*",1,0,0.00278543265694442
"270",360,4974,0,6,1,0,0,0,4981,4981,"a","a","g","g",0.00120457739409757,0.00120457739409757,1,7.93e-07,1,"S","S","S",0,0,0.00280777799009731
"271",361,2,13,0,4857,0,0,0,4872,4872,"t","t","c","c",0.00266830870279146,0.00266830870279146,0.0326424,3.6e-06,0.0326424,"P","T","A",1,0,0.00614212865998593
"272",362,1,4801,0,3,0,0,0,4805,4805,"c","c","t","t",0.000624349635796046,0.000624349635796046,0.0310402999999999,1.7e-07,0.0310402999999999,"L","*","*",1,0,0.00166415257490073
"273",363,4799,0,0,0,0,0,0,4799,4799,"a","a","g","g",0,0,1,7.93e-07,1,"S","S","S",0,0,0
"274",364,4747,0,0,0,0,0,0,4747,4747,"a","a","g","g",0,0,1,7.93e-07,1,"A","P","S",0,0,0
"275",365,0,4636,0,0,0,0,0,4636,4636,"c","c","t","t",0,0,1,1.7e-07,1,"I","K","R",1,0,0
"276",366,4605,0,4,1,0,0,0,4610,4610,"a","a","g","g",0.000867678958785249,0.000867678958785249,1,7.93e-07,1,"T","T","T",0,0,0.00216769133671789
"277",367,4558,0,3,0,0,0,0,4561,4561,"a","a","g","g",0.00065775049331287,0.00065775049331287,1,7.93e-07,1,"A","P","S",0,0,0.0013149240125088
"278",368,0,36,0,821,0,0,0,857,NA,NA,NA,NA,NA,NA,NA,NA,NA,NA,NA,NA,NA,NA,NA,NA
"279",369,832,0,0,0,0,0,0,832,NA,NA,NA,NA,NA,NA,NA,NA,NA,NA,NA,NA,NA,NA,NA,NA
"280",370,791,0,0,0,0,0,0,791,NA,NA,NA,NA,NA,NA,NA,NA,NA,NA,NA,NA,NA,NA,NA,NA
"281",371,0,679,0,0,0,0,0,679,NA,NA,NA,NA,NA,NA,NA,NA,NA,NA,NA,NA,NA,NA,NA,NA
"282",372,654,0,0,0,0,0,0,654,NA,NA,NA,NA,NA,NA,NA,NA,NA,NA,NA,NA,NA,NA,NA,NA
"283",373,543,0,25,0,0,0,0,568,NA,NA,NA,NA,NA,NA,NA,NA,NA,NA,NA,NA,NA,NA,NA,NA
"284",374,0,137,0,0,0,0,0,137,NA,NA,NA,NA,NA,NA,NA,NA,NA,NA,NA,NA,NA,NA,NA,NA
"285",375,105,0,0,0,0,0,0,105,NA,NA,NA,NA,NA,NA,NA,NA,NA,NA,NA,NA,NA,NA,NA,NA
"286",376,11,10,0,1,0,0,0,22,NA,NA,NA,NA,NA,NA,NA,NA,NA,NA,NA,NA,NA,NA,NA,NA
"287",377,0,20,0,0,0,0,0,20,NA,NA,NA,NA,NA,NA,NA,NA,NA,NA,NA,NA,NA,NA,NA,NA
"288",378,15,0,0,0,0,0,0,15,NA,NA,NA,NA,NA,NA,NA,NA,NA,NA,NA,NA,NA,NA,NA,NA
"289",379,10,0,0,0,0,0,0,10,NA,NA,NA,NA,NA,NA,NA,NA,NA,NA,NA,NA,NA,NA,NA,NA
"290",380,0,10,0,0,0,0,0,10,NA,NA,NA,NA,NA,NA,NA,NA,NA,NA,NA,NA,NA,NA,NA,NA
"291",381,10,0,0,0,0,0,0,10,NA,NA,NA,NA,NA,NA,NA,NA,NA,NA,NA,NA,NA,NA,NA,NA
"292",382,10,0,0,0,0,0,0,10,NA,NA,NA,NA,NA,NA,NA,NA,NA,NA,NA,NA,NA,NA,NA,NA
"293",383,0,10,0,0,0,0,0,10,NA,NA,NA,NA,NA,NA,NA,NA,NA,NA,NA,NA,NA,NA,NA,NA
"294",384,10,0,0,0,0,0,0,10,NA,NA,NA,NA,NA,NA,NA,NA,NA,NA,NA,NA,NA,NA,NA,NA
"295",385,0,10,0,0,0,0,0,10,NA,NA,NA,NA,NA,NA,NA,NA,NA,NA,NA,NA,NA,NA,NA,NA
"296",386,0,10,0,0,0,0,0,10,NA,NA,NA,NA,NA,NA,NA,NA,NA,NA,NA,NA,NA,NA,NA,NA
"297",387,10,0,0,0,0,0,0,10,NA,NA,NA,NA,NA,NA,NA,NA,NA,NA,NA,NA,NA,NA,NA,NA
"298",388,10,0,0,0,0,0,0,10,NA,NA,NA,NA,NA,NA,NA,NA,NA,NA,NA,NA,NA,NA,NA,NA
"299",389,10,0,0,0,0,0,0,10,NA,NA,NA,NA,NA,NA,NA,NA,NA,NA,NA,NA,NA,NA,NA,NA
"300",390,0,0,0,10,0,0,0,10,NA,NA,NA,NA,NA,NA,NA,NA,NA,NA,NA,NA,NA,NA,NA,NA
"301",391,10,0,0,0,0,0,0,10,NA,NA,NA,NA,NA,NA,NA,NA,NA,NA,NA,NA,NA,NA,NA,NA
"302",392,0,10,0,0,0,0,0,10,NA,NA,NA,NA,NA,NA,NA,NA,NA,NA,NA,NA,NA,NA,NA,NA
"303",393,10,0,0,0,0,0,0,10,NA,NA,NA,NA,NA,NA,NA,NA,NA,NA,NA,NA,NA,NA,NA,NA
"304",394,10,0,0,0,0,0,0,10,NA,NA,NA,NA,NA,NA,NA,NA,NA,NA,NA,NA,NA,NA,NA,NA
"305",395,0,10,0,0,0,0,0,10,NA,NA,NA,NA,NA,NA,NA,NA,NA,NA,NA,NA,NA,NA,NA,NA
"306",396,10,0,0,0,0,0,0,10,NA,NA,NA,NA,NA,NA,NA,NA,NA,NA,NA,NA,NA,NA,NA,NA
"307",397,0,0,0,10,0,0,0,10,NA,NA,NA,NA,NA,NA,NA,NA,NA,NA,NA,NA,NA,NA,NA,NA
"308",398,0,10,0,0,0,0,0,10,NA,NA,NA,NA,NA,NA,NA,NA,NA,NA,NA,NA,NA,NA,NA,NA
"309",399,10,0,0,0,0,0,0,10,NA,NA,NA,NA,NA,NA,NA,NA,NA,NA,NA,NA,NA,NA,NA,NA
"310",400,10,0,0,0,0,0,0,10,NA,NA,NA,NA,NA,NA,NA,NA,NA,NA,NA,NA,NA,NA,NA,NA
"311",401,0,10,0,0,0,0,0,10,NA,NA,NA,NA,NA,NA,NA,NA,NA,NA,NA,NA,NA,NA,NA,NA
"312",402,10,0,0,0,0,0,0,10,NA,NA,NA,NA,NA,NA,NA,NA,NA,NA,NA,NA,NA,NA,NA,NA
"313",403,10,0,0,0,0,0,0,10,NA,NA,NA,NA,NA,NA,NA,NA,NA,NA,NA,NA,NA,NA,NA,NA
"314",404,10,0,0,0,0,0,0,10,NA,NA,NA,NA,NA,NA,NA,NA,NA,NA,NA,NA,NA,NA,NA,NA
"315",405,10,0,0,0,0,0,0,10,NA,NA,NA,NA,NA,NA,NA,NA,NA,NA,NA,NA,NA,NA,NA,NA
"316",406,10,0,0,0,0,0,0,10,NA,NA,NA,NA,NA,NA,NA,NA,NA,NA,NA,NA,NA,NA,NA,NA
"317",407,0,0,0,10,0,0,0,10,NA,NA,NA,NA,NA,NA,NA,NA,NA,NA,NA,NA,NA,NA,NA,NA
"318",408,10,0,0,0,0,0,0,10,NA,NA,NA,NA,NA,NA,NA,NA,NA,NA,NA,NA,NA,NA,NA,NA
"319",409,0,0,10,0,0,0,0,10,NA,NA,NA,NA,NA,NA,NA,NA,NA,NA,NA,NA,NA,NA,NA,NA
"320",410,10,0,0,0,0,0,0,10,NA,NA,NA,NA,NA,NA,NA,NA,NA,NA,NA,NA,NA,NA,NA,NA
"321",411,0,11,0,0,0,0,0,11,NA,NA,NA,NA,NA,NA,NA,NA,NA,NA,NA,NA,NA,NA,NA,NA
"322",412,9,0,2,0,0,0,0,11,NA,NA,NA,NA,NA,NA,NA,NA,NA,NA,NA,NA,NA,NA,NA,NA
"323",413,0,1,0,10,0,0,0,11,NA,NA,NA,NA,NA,NA,NA,NA,NA,NA,NA,NA,NA,NA,NA,NA
"324",414,0,0,11,0,0,0,0,11,NA,NA,NA,NA,NA,NA,NA,NA,NA,NA,NA,NA,NA,NA,NA,NA
"325",415,0,0,11,0,0,0,0,11,NA,NA,NA,NA,NA,NA,NA,NA,NA,NA,NA,NA,NA,NA,NA,NA
"326",416,0,0,0,11,0,0,0,11,NA,NA,NA,NA,NA,NA,NA,NA,NA,NA,NA,NA,NA,NA,NA,NA
"327",417,0,12,0,0,0,0,0,12,NA,NA,NA,NA,NA,NA,NA,NA,NA,NA,NA,NA,NA,NA,NA,NA
"328",418,12,0,0,0,0,0,0,12,NA,NA,NA,NA,NA,NA,NA,NA,NA,NA,NA,NA,NA,NA,NA,NA
"329",419,12,0,0,0,0,0,0,12,NA,NA,NA,NA,NA,NA,NA,NA,NA,NA,NA,NA,NA,NA,NA,NA
"330",420,0,0,0,12,0,0,0,12,NA,NA,NA,NA,NA,NA,NA,NA,NA,NA,NA,NA,NA,NA,NA,NA
"331",421,0,0,12,0,0,0,0,12,NA,NA,NA,NA,NA,NA,NA,NA,NA,NA,NA,NA,NA,NA,NA,NA
"332",422,12,0,0,0,0,0,0,12,NA,NA,NA,NA,NA,NA,NA,NA,NA,NA,NA,NA,NA,NA,NA,NA
"333",423,0,0,12,0,0,0,0,12,NA,NA,NA,NA,NA,NA,NA,NA,NA,NA,NA,NA,NA,NA,NA,NA
"334",424,12,0,0,0,0,0,0,12,NA,NA,NA,NA,NA,NA,NA,NA,NA,NA,NA,NA,NA,NA,NA,NA
"335",425,0,12,0,0,0,0,0,12,NA,NA,NA,NA,NA,NA,NA,NA,NA,NA,NA,NA,NA,NA,NA,NA
"336",426,0,0,0,12,0,0,0,12,NA,NA,NA,NA,NA,NA,NA,NA,NA,NA,NA,NA,NA,NA,NA,NA
"337",427,12,0,0,0,0,0,0,12,NA,NA,NA,NA,NA,NA,NA,NA,NA,NA,NA,NA,NA,NA,NA,NA
"338",428,0,0,12,0,0,0,0,12,NA,NA,NA,NA,NA,NA,NA,NA,NA,NA,NA,NA,NA,NA,NA,NA
"339",429,0,0,0,12,0,0,0,12,NA,NA,NA,NA,NA,NA,NA,NA,NA,NA,NA,NA,NA,NA,NA,NA
"340",430,0,0,0,12,0,0,0,12,NA,NA,NA,NA,NA,NA,NA,NA,NA,NA,NA,NA,NA,NA,NA,NA
"341",431,0,12,0,0,0,0,0,12,NA,NA,NA,NA,NA,NA,NA,NA,NA,NA,NA,NA,NA,NA,NA,NA
"342",432,0,0,0,12,0,0,0,12,NA,NA,NA,NA,NA,NA,NA,NA,NA,NA,NA,NA,NA,NA,NA,NA
"343",433,0,0,0,12,0,0,0,12,NA,NA,NA,NA,NA,NA,NA,NA,NA,NA,NA,NA,NA,NA,NA,NA
"344",434,0,0,12,0,0,0,0,12,NA,NA,NA,NA,NA,NA,NA,NA,NA,NA,NA,NA,NA,NA,NA,NA
"345",435,0,0,0,12,0,0,0,12,NA,NA,NA,NA,NA,NA,NA,NA,NA,NA,NA,NA,NA,NA,NA,NA
"346",436,12,0,0,0,0,0,0,12,NA,NA,NA,NA,NA,NA,NA,NA,NA,NA,NA,NA,NA,NA,NA,NA
"347",437,0,0,1,9,0,0,0,10,NA,NA,NA,NA,NA,NA,NA,NA,NA,NA,NA,NA,NA,NA,NA,NA
"348",438,10,0,0,0,0,0,0,10,NA,NA,NA,NA,NA,NA,NA,NA,NA,NA,NA,NA,NA,NA,NA,NA
"349",439,0,0,10,0,0,0,0,10,NA,NA,NA,NA,NA,NA,NA,NA,NA,NA,NA,NA,NA,NA,NA,NA
"350",440,0,0,0,10,0,0,0,10,NA,NA,NA,NA,NA,NA,NA,NA,NA,NA,NA,NA,NA,NA,NA,NA
"351",441,0,0,0,10,0,0,0,10,NA,NA,NA,NA,NA,NA,NA,NA,NA,NA,NA,NA,NA,NA,NA,NA
"352",442,0,74,0,0,0,0,0,74,NA,NA,NA,NA,NA,NA,NA,NA,NA,NA,NA,NA,NA,NA,NA,NA
"353",443,74,0,0,0,0,0,0,74,NA,NA,NA,NA,NA,NA,NA,NA,NA,NA,NA,NA,NA,NA,NA,NA
"354",444,0,0,0,74,0,0,0,74,NA,NA,NA,NA,NA,NA,NA,NA,NA,NA,NA,NA,NA,NA,NA,NA
"355",445,0,0,74,0,0,0,0,74,NA,NA,NA,NA,NA,NA,NA,NA,NA,NA,NA,NA,NA,NA,NA,NA
"356",446,74,0,0,0,0,0,0,74,NA,NA,NA,NA,NA,NA,NA,NA,NA,NA,NA,NA,NA,NA,NA,NA
"357",447,0,0,0,74,0,0,0,74,NA,NA,NA,NA,NA,NA,NA,NA,NA,NA,NA,NA,NA,NA,NA,NA
"358",448,74,0,0,0,0,0,0,74,NA,NA,NA,NA,NA,NA,NA,NA,NA,NA,NA,NA,NA,NA,NA,NA
"359",449,74,0,0,0,0,0,0,74,NA,NA,NA,NA,NA,NA,NA,NA,NA,NA,NA,NA,NA,NA,NA,NA
"360",450,0,0,0,74,0,0,0,74,NA,NA,NA,NA,NA,NA,NA,NA,NA,NA,NA,NA,NA,NA,NA,NA
"361",451,0,0,0,74,0,0,0,74,NA,NA,NA,NA,NA,NA,NA,NA,NA,NA,NA,NA,NA,NA,NA,NA
"362",452,0,0,74,0,0,0,0,74,NA,NA,NA,NA,NA,NA,NA,NA,NA,NA,NA,NA,NA,NA,NA,NA
"363",453,0,74,0,0,0,0,0,74,NA,NA,NA,NA,NA,NA,NA,NA,NA,NA,NA,NA,NA,NA,NA,NA
"364",454,74,0,0,0,0,0,0,74,NA,NA,NA,NA,NA,NA,NA,NA,NA,NA,NA,NA,NA,NA,NA,NA
"365",455,0,74,0,0,0,0,0,74,NA,NA,NA,NA,NA,NA,NA,NA,NA,NA,NA,NA,NA,NA,NA,NA
"366",456,74,0,0,0,0,0,0,74,NA,NA,NA,NA,NA,NA,NA,NA,NA,NA,NA,NA,NA,NA,NA,NA
"367",457,0,0,74,0,0,0,0,74,NA,NA,NA,NA,NA,NA,NA,NA,NA,NA,NA,NA,NA,NA,NA,NA
"368",458,0,0,74,0,0,0,0,74,NA,NA,NA,NA,NA,NA,NA,NA,NA,NA,NA,NA,NA,NA,NA,NA
"369",459,0,74,0,0,0,0,0,74,NA,NA,NA,NA,NA,NA,NA,NA,NA,NA,NA,NA,NA,NA,NA,NA
"370",460,1,0,0,73,0,0,0,74,NA,NA,NA,NA,NA,NA,NA,NA,NA,NA,NA,NA,NA,NA,NA,NA
"371",461,0,0,0,74,0,0,0,74,NA,NA,NA,NA,NA,NA,NA,NA,NA,NA,NA,NA,NA,NA,NA,NA
"372",462,0,0,74,0,0,0,0,74,NA,NA,NA,NA,NA,NA,NA,NA,NA,NA,NA,NA,NA,NA,NA,NA
"373",463,0,0,74,0,0,0,0,74,NA,NA,NA,NA,NA,NA,NA,NA,NA,NA,NA,NA,NA,NA,NA,NA
"374",464,75,0,0,0,0,0,0,75,NA,NA,NA,NA,NA,NA,NA,NA,NA,NA,NA,NA,NA,NA,NA,NA
"375",465,75,0,0,0,0,0,0,75,NA,NA,NA,NA,NA,NA,NA,NA,NA,NA,NA,NA,NA,NA,NA,NA
"376",466,0,75,0,0,0,0,0,75,NA,NA,NA,NA,NA,NA,NA,NA,NA,NA,NA,NA,NA,NA,NA,NA
"377",467,75,0,0,0,0,0,0,75,NA,NA,NA,NA,NA,NA,NA,NA,NA,NA,NA,NA,NA,NA,NA,NA
"378",468,74,0,1,0,0,0,0,75,NA,NA,NA,NA,NA,NA,NA,NA,NA,NA,NA,NA,NA,NA,NA,NA
"379",469,0,0,75,0,0,0,0,75,NA,NA,NA,NA,NA,NA,NA,NA,NA,NA,NA,NA,NA,NA,NA,NA
"380",470,75,0,0,0,0,0,0,75,NA,NA,NA,NA,NA,NA,NA,NA,NA,NA,NA,NA,NA,NA,NA,NA
"381",471,0,0,76,0,0,0,0,76,NA,NA,NA,NA,NA,NA,NA,NA,NA,NA,NA,NA,NA,NA,NA,NA
"382",472,0,76,0,0,0,0,0,76,NA,NA,NA,NA,NA,NA,NA,NA,NA,NA,NA,NA,NA,NA,NA,NA
"383",473,76,0,0,0,0,0,0,76,NA,NA,NA,NA,NA,NA,NA,NA,NA,NA,NA,NA,NA,NA,NA,NA
"384",474,76,0,0,0,0,0,0,76,NA,NA,NA,NA,NA,NA,NA,NA,NA,NA,NA,NA,NA,NA,NA,NA
"385",475,76,0,0,0,0,0,0,76,NA,NA,NA,NA,NA,NA,NA,NA,NA,NA,NA,NA,NA,NA,NA,NA
"386",476,0,0,0,74,0,0,0,74,NA,NA,NA,NA,NA,NA,NA,NA,NA,NA,NA,NA,NA,NA,NA,NA
"387",477,1,0,73,0,0,0,0,74,NA,NA,NA,NA,NA,NA,NA,NA,NA,NA,NA,NA,NA,NA,NA,NA
"388",478,73,0,1,0,0,0,0,74,NA,NA,NA,NA,NA,NA,NA,NA,NA,NA,NA,NA,NA,NA,NA,NA
"389",479,0,0,0,74,0,0,0,74,NA,NA,NA,NA,NA,NA,NA,NA,NA,NA,NA,NA,NA,NA,NA,NA
"390",480,74,0,0,0,0,0,0,74,NA,NA,NA,NA,NA,NA,NA,NA,NA,NA,NA,NA,NA,NA,NA,NA
"391",481,0,0,74,0,0,0,0,74,NA,NA,NA,NA,NA,NA,NA,NA,NA,NA,NA,NA,NA,NA,NA,NA
"392",482,0,0,74,0,0,0,0,74,NA,NA,NA,NA,NA,NA,NA,NA,NA,NA,NA,NA,NA,NA,NA,NA
"393",483,0,74,0,0,0,0,0,74,NA,NA,NA,NA,NA,NA,NA,NA,NA,NA,NA,NA,NA,NA,NA,NA
"394",484,0,0,0,75,0,0,0,75,NA,NA,NA,NA,NA,NA,NA,NA,NA,NA,NA,NA,NA,NA,NA,NA
"395",485,0,0,75,0,0,0,0,75,NA,NA,NA,NA,NA,NA,NA,NA,NA,NA,NA,NA,NA,NA,NA,NA
"396",486,0,0,0,75,0,0,0,75,NA,NA,NA,NA,NA,NA,NA,NA,NA,NA,NA,NA,NA,NA,NA,NA
"397",487,75,0,0,0,0,0,0,75,NA,NA,NA,NA,NA,NA,NA,NA,NA,NA,NA,NA,NA,NA,NA,NA
"398",488,74,0,0,1,0,0,0,75,NA,NA,NA,NA,NA,NA,NA,NA,NA,NA,NA,NA,NA,NA,NA,NA
"399",489,75,0,0,0,0,0,0,75,NA,NA,NA,NA,NA,NA,NA,NA,NA,NA,NA,NA,NA,NA,NA,NA
"400",490,0,0,0,75,0,0,0,75,NA,NA,NA,NA,NA,NA,NA,NA,NA,NA,NA,NA,NA,NA,NA,NA
"401",491,0,0,0,75,0,0,0,75,NA,NA,NA,NA,NA,NA,NA,NA,NA,NA,NA,NA,NA,NA,NA,NA
"402",492,0,74,0,1,0,0,0,75,NA,NA,NA,NA,NA,NA,NA,NA,NA,NA,NA,NA,NA,NA,NA,NA
"403",493,75,0,0,0,0,0,0,75,NA,NA,NA,NA,NA,NA,NA,NA,NA,NA,NA,NA,NA,NA,NA,NA
"404",494,74,0,1,0,0,0,0,75,NA,NA,NA,NA,NA,NA,NA,NA,NA,NA,NA,NA,NA,NA,NA,NA
"405",495,0,73,0,0,0,0,0,73,NA,NA,NA,NA,NA,NA,NA,NA,NA,NA,NA,NA,NA,NA,NA,NA
"406",496,73,0,0,0,0,0,0,73,NA,NA,NA,NA,NA,NA,NA,NA,NA,NA,NA,NA,NA,NA,NA,NA
"407",497,0,0,0,69,0,0,0,69,NA,NA,NA,NA,NA,NA,NA,NA,NA,NA,NA,NA,NA,NA,NA,NA
"408",498,0,0,67,0,0,0,0,67,NA,NA,NA,NA,NA,NA,NA,NA,NA,NA,NA,NA,NA,NA,NA,NA
"409",499,67,0,0,0,0,0,0,67,NA,NA,NA,NA,NA,NA,NA,NA,NA,NA,NA,NA,NA,NA,NA,NA
"410",500,0,67,0,0,0,0,0,67,NA,NA,NA,NA,NA,NA,NA,NA,NA,NA,NA,NA,NA,NA,NA,NA
"411",501,70,0,0,0,0,0,0,70,NA,NA,NA,NA,NA,NA,NA,NA,NA,NA,NA,NA,NA,NA,NA,NA
"412",502,0,0,70,0,0,0,0,70,NA,NA,NA,NA,NA,NA,NA,NA,NA,NA,NA,NA,NA,NA,NA,NA
"413",503,0,0,71,0,0,0,0,71,NA,NA,NA,NA,NA,NA,NA,NA,NA,NA,NA,NA,NA,NA,NA,NA
"414",504,0,0,74,0,0,0,0,74,NA,NA,NA,NA,NA,NA,NA,NA,NA,NA,NA,NA,NA,NA,NA,NA
"415",505,0,0,0,75,0,0,0,75,NA,NA,NA,NA,NA,NA,NA,NA,NA,NA,NA,NA,NA,NA,NA,NA
"416",506,0,0,0,79,0,0,0,79,NA,NA,NA,NA,NA,NA,NA,NA,NA,NA,NA,NA,NA,NA,NA,NA
"417",507,111,0,0,0,0,0,0,111,NA,NA,NA,NA,NA,NA,NA,NA,NA,NA,NA,NA,NA,NA,NA,NA
"418",508,118,0,0,0,0,0,0,118,NA,NA,NA,NA,NA,NA,NA,NA,NA,NA,NA,NA,NA,NA,NA,NA
"419",509,120,0,0,0,0,0,0,120,NA,NA,NA,NA,NA,NA,NA,NA,NA,NA,NA,NA,NA,NA,NA,NA
"420",510,124,0,0,0,0,0,0,124,NA,NA,NA,NA,NA,NA,NA,NA,NA,NA,NA,NA,NA,NA,NA,NA
"421",511,128,0,0,0,0,0,0,128,NA,NA,NA,NA,NA,NA,NA,NA,NA,NA,NA,NA,NA,NA,NA,NA
"422",512,0,0,135,2,0,0,0,137,NA,NA,NA,NA,NA,NA,NA,NA,NA,NA,NA,NA,NA,NA,NA,NA
"423",513,144,0,1,0,0,0,0,145,NA,NA,NA,NA,NA,NA,NA,NA,NA,NA,NA,NA,NA,NA,NA,NA
"424",514,0,0,152,0,0,0,0,152,NA,NA,NA,NA,NA,NA,NA,NA,NA,NA,NA,NA,NA,NA,NA,NA
"425",515,187,0,0,0,0,0,0,187,NA,NA,NA,NA,NA,NA,NA,NA,NA,NA,NA,NA,NA,NA,NA,NA
"426",516,0,192,0,1,0,0,0,193,NA,NA,NA,NA,NA,NA,NA,NA,NA,NA,NA,NA,NA,NA,NA,NA
"427",517,212,0,0,0,0,0,0,212,NA,NA,NA,NA,NA,NA,NA,NA,NA,NA,NA,NA,NA,NA,NA,NA
"428",518,228,0,0,0,0,0,0,228,NA,NA,NA,NA,NA,NA,NA,NA,NA,NA,NA,NA,NA,NA,NA,NA
"429",519,0,0,267,0,0,0,0,267,NA,NA,NA,NA,NA,NA,NA,NA,NA,NA,NA,NA,NA,NA,NA,NA
"430",520,328,0,0,0,0,0,0,328,NA,NA,NA,NA,NA,NA,NA,NA,NA,NA,NA,NA,NA,NA,NA,NA
"431",521,0,337,0,0,0,0,0,337,NA,NA,NA,NA,NA,NA,NA,NA,NA,NA,NA,NA,NA,NA,NA,NA
"432",522,370,0,1,0,0,0,0,371,NA,NA,NA,NA,NA,NA,NA,NA,NA,NA,NA,NA,NA,NA,NA,NA
"433",523,380,0,0,0,0,0,0,380,NA,NA,NA,NA,NA,NA,NA,NA,NA,NA,NA,NA,NA,NA,NA,NA
"434",524,392,0,0,0,0,0,0,392,NA,NA,NA,NA,NA,NA,NA,NA,NA,NA,NA,NA,NA,NA,NA,NA
"435",525,0,0,439,0,0,0,0,439,NA,NA,NA,NA,NA,NA,NA,NA,NA,NA,NA,NA,NA,NA,NA,NA
"436",526,0,0,457,0,0,0,0,457,NA,NA,NA,NA,NA,NA,NA,NA,NA,NA,NA,NA,NA,NA,NA,NA
"437",527,502,0,0,0,0,0,0,502,NA,NA,NA,NA,NA,NA,NA,NA,NA,NA,NA,NA,NA,NA,NA,NA
"438",528,2,0,536,0,0,0,0,538,NA,NA,NA,NA,NA,NA,NA,NA,NA,NA,NA,NA,NA,NA,NA,NA
"439",529,0,0,0,580,0,0,0,580,NA,NA,NA,NA,NA,NA,NA,NA,NA,NA,NA,NA,NA,NA,NA,NA
"440",530,674,0,0,1,0,0,0,675,NA,NA,NA,NA,NA,NA,NA,NA,NA,NA,NA,NA,NA,NA,NA,NA
"441",531,0,699,0,1,0,0,0,700,NA,NA,NA,NA,NA,NA,NA,NA,NA,NA,NA,NA,NA,NA,NA,NA
"442",532,762,0,5,0,0,0,0,767,NA,NA,NA,NA,NA,NA,NA,NA,NA,NA,NA,NA,NA,NA,NA,NA
"443",533,796,0,2,0,0,0,0,798,NA,NA,NA,NA,NA,NA,NA,NA,NA,NA,NA,NA,NA,NA,NA,NA
"444",534,0,0,0,818,0,0,0,818,NA,NA,NA,NA,NA,NA,NA,NA,NA,NA,NA,NA,NA,NA,NA,NA
"445",535,4,0,864,1,0,0,0,869,NA,NA,NA,NA,NA,NA,NA,NA,NA,NA,NA,NA,NA,NA,NA,NA
"446",536,903,0,2,0,0,0,0,905,NA,NA,NA,NA,NA,NA,NA,NA,NA,NA,NA,NA,NA,NA,NA,NA
"447",537,925,0,3,1,0,0,0,929,NA,NA,NA,NA,NA,NA,NA,NA,NA,NA,NA,NA,NA,NA,NA,NA
"448",538,944,0,5,0,0,0,0,949,NA,NA,NA,NA,NA,NA,NA,NA,NA,NA,NA,NA,NA,NA,NA,NA
"449",539,0,958,0,0,0,0,0,958,NA,NA,NA,NA,NA,NA,NA,NA,NA,NA,NA,NA,NA,NA,NA,NA
"450",540,1,0,0,1019,0,0,0,1020,1020,"t","t","c","c",0,0,0.013668,3.6e-06,0.013668,"T","T","T",0,0,0.00196078431372549
"451",541,1,3,0,1154,0,0,0,1158,1158,"t","t","c","c",0.00259067357512953,0.00259067357512953,0.0155172,3.6e-06,0.0155172,"R","R","G",1,1,0.00689502808615576
"452",542,3,0,1201,1,0,0,0,1205,1205,"g","g","a","a",0.0024896265560166,0.0024896265560166,1,8.46e-07,1,"*","S","L",0,0,0.00662659737252037
"453",543,0,0,1291,0,0,0,0,1291,1291,"g","g","a","a",0,0,1,8.46e-07,1,"*","C","C",1,0,0
"454",544,0,2,0,1320,0,0,0,1322,1322,"t","t","c","c",0.00151285930408472,0.00151285930408472,1,3.6e-06,1,"H","N","D",1,0,0.00302342813231163
"455",545,1405,0,2,0,0,0,0,1407,1407,"a","a","g","g",0.00142146410803127,0.00142146410803127,1,7.93e-07,1,"C","S","F",0,0,0.00284090621875382
"456",546,0,1441,0,0,0,0,0,1441,1441,"c","c","t","t",0,0,1,1.7e-07,1,"Y","*","*",1,0,0
"457",547,1,0,0,1555,0,0,0,1556,1556,"t","t","c","c",0,0,0.0208504,3.6e-06,0.0208504,"P","T","A",1,0,0.0012853470437018
"458",548,1,1676,0,0,0,0,0,1677,1677,"c","c","t","t",0,0,0.01083342,1.7e-07,0.01083342,"F","Y","C",1,0,0.00119260584376863
"459",549,0,6,0,1852,0,0,0,1858,1858,"t","t","c","c",0.00322927879440258,0.00322927879440258,1,3.6e-06,1,"S","S","S",0,0,0.00644116782685362
"460",550,2010,0,3,0,0,0,0,2013,2013,"a","a","g","g",0.0014903129657228,0.0014903129657228,1,7.93e-07,1,"A","P","S",0,0,0.00297766308260719
"461",551,0,2026,1,2,0,0,0,2029,2029,"c","c","t","t",0.00098570724494825,0.00098570724494825,1,1.7e-07,1,"I","K","R",1,1,0.00295517753909535
"462",552,2143,0,3,0,0,0,0,2146,2146,"a","a","g","g",0.00139794967381174,0.00139794967381174,1,7.93e-07,1,"T","T","T",0,0,0.00279329244846486
"463",553,7,2,2229,0,0,0,0,2238,2238,"g","g","a","a",0.0031277926720286,0.0031277926720286,0.000946674,8.46e-07,0.000946674,"N","H","Y",1,0,0.00801972512816579
"464",554,2315,0,0,0,0,0,0,2315,2315,"a","a","g","g",0,0,1,7.93e-07,1,"G","A","V",1,0,0
"465",555,2,41,0,2512,0,0,0,2555,2555,"t","t","c","c",0.0160469667318982,0.0160469667318982,0.0171185,3.6e-06,0.0171185,"D","E","E",0,0,0.0331311001353159
"466",556,2,5,0,2783,0,0,0,2790,2790,"t","t","c","c",0.0017921146953405,0.0017921146953405,0.018693,3.6e-06,0.018693,"L","M","V",0,0,0.00500969631077544
"467",557,1,1,0,3125,0,0,0,3127,3127,"t","t","c","c",0.000319795330988168,0.000319795330988168,0.0419017999999999,3.6e-06,0.0419017999999999,"S","*","W",0,1,0.00127897672041397
"468",558,1500,0,1756,1,0,0,0,3257,3257,"g","g","a","a",0.460546515198035,0.460546515198035,1,8.46e-07,1,"L","F","F",0,0,0.497370622639275
"469",559,1,0,3411,0,0,0,0,3412,3412,"g","g","a","a",0.000293083235638921,0.000293083235638921,1,8.46e-07,1,"I","L","F",0,0,0.000586166471277843
"470",560,0,3,1,3440,0,0,0,3444,3444,"t","t","c","c",0.000871080139372822,0.000871080139372822,1,3.6e-06,1,"A","D","G",1,0,0.00232136236967531
"471",561,0,6,0,3581,0,0,0,3587,3587,"t","t","c","c",0.00167270699749094,0.00167270699749094,1,3.6e-06,1,"V","V","V",0,0,0.00334074944674571
"472",562,0,9,0,3745,0,0,0,3754,3754,"t","t","c","c",0.00239744272775706,0.00239744272775706,1,3.6e-06,1,"R","S","G",0,0,0.00478466454327215
"473",563,23,0,3849,0,0,0,0,3872,3872,"g","g","a","a",0.0059400826446281,0.0059400826446281,1,8.46e-07,1,"Y","S","F",1,0,0.0118126469125154
"474",564,4,2,1,3910,0,0,0,3917,3917,"t","t","c","c",0.000510594842992086,0.000510594842992086,0.01312195,3.6e-06,0.01312195,"C","*","W",1,0,0.00357051306958511
"475",565,10,0,3990,0,0,0,0,4000,4000,"g","g","a","a",0.0025,0.0025,1,8.46e-07,1,"K","Q","*",1,0,0.0049887471867967
"476",566,4106,0,10,4,0,0,0,4120,4120,"a","a","g","g",0.00242718446601942,0.00242718446601942,1,7.93e-07,1,"G","A","V",1,0,0.00677938136554023
"477",567,4161,0,9,1,0,0,0,4171,4171,"a","a","g","g",0.00215775593382882,0.00215775593382882,1,7.93e-07,1,"E","D","D",0,0,0.00478569913189563
"478",568,0,4178,0,2,0,0,0,4180,4180,"c","c","t","t",0.000478468899521531,0.000478468899521531,1,1.7e-07,1,"*","K","E",1,0,0.000956708811773609
"479",569,4345,1,15,0,0,0,0,4361,4361,"a","a","g","g",0.00343957807842238,0.00343957807842238,0.002306969,7.93e-07,0.002306969,"R","P","L",1,1,0.00731409974566056
"480",570,4396,0,2,2,0,0,0,4400,4400,"a","a","g","g",0.000454545454545455,0.000454545454545455,1,7.93e-07,1,"Q","H","H",1,1,0.00181735518402943
"481",571,1,0,4412,1,0,0,0,4414,4414,"g","g","a","a",0.000226551880380607,0.000226551880380607,1,8.46e-07,1,"R","R","W",1,1,0.000906104846752258
"482",572,0,0,4441,2,0,0,0,4443,4443,"g","g","a","a",0,0,1,8.46e-07,1,"E","A","V",1,0,0.000900089917786991
"483",573,19,0,4531,1,0,0,0,4551,4551,"g","g","a","a",0.004174906613931,0.004174906613931,1,8.46e-07,1,"G","G","G",0,0,0.00875440973001949
"484",574,4561,0,7,13,0,1,0,4581,4582,"a","a","g","g",0.0015280506439642,0.0015280506439642,1,7.93e-07,1,"D","H","Y",1,0,0.00870416920467967
"485",575,4621,1,7,0,0,0,0,4629,4629,"a","a","g","g",0.00151220565996976,0.00151220565996976,0.002448741,7.93e-07,0.002448741,"S","T","I",1,0,0.00345189555978403
"486",576,1,8,0,4657,0,0,0,4666,4666,"t","t","c","c",0.00171453064723532,0.00171453064723532,0.0625244,3.6e-06,0.0625244,"N","K","K",1,1,0.0038518134653136
"487",577,4757,1,4,0,0,0,0,4762,4762,"a","a","g","g",0.000839983200335993,0.000839983200335993,0.002519098,7.93e-07,0.002519098,"G","R","C",1,0,0.00209854656088983
"488",578,1,0,4838,0,0,0,0,4839,4839,"g","g","a","a",0.000206654267410622,0.000206654267410622,1,8.46e-07,1,"N","T","I",1,0,0.000413308534821244
"489",579,0,4968,1,3,0,0,0,4972,4972,"c","c","t","t",0.000603378921962993,0.000603378921962993,1,1.7e-07,1,"S","R","R",1,0,0.00160828217984503
"490",580,5229,0,3,0,0,0,0,5232,5232,"a","a","g","g",0.000573394495412844,0.000573394495412844,1,7.93e-07,1,"A","P","S",0,0,0.00114635053202591
"491",581,1,5278,0,4,0,0,0,5283,5283,"c","c","t","t",0.000757145561234147,0.000757145561234147,0.03412818,1.7e-07,0.03412818,"I","N","S",0,0,0.0018917171472183
"492",582,2,9,14,5481,0,0,0,5506,5506,"t","t","c","c",0.00163458045768253,0.00163458045768253,0.0368902,3.6e-06,0.0368902,"T","T","T",0,0,0.00905276153204843
"493",583,12,0,5615,1,0,0,0,5628,5628,"g","g","a","a",0.00213219616204691,0.00213219616204691,1,8.46e-07,1,"N","H","Y",1,0,0.0046106642142811
"494",584,5704,1,13,1,0,0,0,5719,5719,"a","a","g","g",0.00227312467214548,0.00227312467214548,0.003025351,7.93e-07,0.003025351,"G","A","V",1,0,0.00523448008488485
"495",585,0,6,0,5825,0,0,0,5831,5831,"t","t","c","c",0.00102898302178014,0.00102898302178014,1,3.6e-06,1,"D","E","E",0,0,0.00205620106410611
"496",586,6004,1,5,0,0,0,0,6010,6010,"a","a","g","g",0.000831946755407654,0.000831946755407654,0.00317929,7.93e-07,0.00317929,"D","H","Y",1,0,0.00199528771180445
"497",587,6089,0,15,1,0,0,0,6105,6105,"a","a","g","g",0.00245700245700246,0.00245700245700246,1,7.93e-07,1,"S","T","I",1,0,0.00522952954145615
"498",588,1,9,1,6136,0,0,0,6147,6147,"t","t","c","c",0.00146412884333821,0.00146412884333821,0.0823697999999999,3.6e-06,0.0823697999999999,"N","K","K",1,0,0.00357416418476261
"499",589,14,0,6220,1,0,0,0,6235,6235,"g","g","a","a",0.00224538893344026,0.00224538893344026,1,8.46e-07,1,"K","Q","*",1,0,0.00480146255408232
"500",590,6287,0,18,0,0,1,0,6305,6306,"a","a","g","g",0.00285487708168121,0.00285487708168121,1,7.93e-07,1,"G","A","V",1,0,0.00569435666641172
"501",591,6335,1,22,2,0,0,0,6360,6360,"a","a","g","g",0.00345911949685535,0.00345911949685535,0.00336443999999999,7.93e-07,0.00336443999999999,"E","D","D",0,1,0.0078353267443459
"502",592,6369,0,21,16,0,0,0,6406,6406,"a","a","g","g",0.003278176709335,0.003278176709335,1,7.93e-07,1,"G","R","C",1,0,0.0115031209763095
"503",593,2,0,6459,1,0,0,0,6462,6462,"g","g","a","a",0.000309501702259362,0.000309501702259362,1,8.46e-07,1,"N","T","I",1,0,0.000928313494518524
"504",594,0,11,0,6485,0,0,0,6496,6496,"t","t","c","c",0.00169334975369458,0.00169334975369458,1,3.6e-06,1,"S","R","R",1,1,0.00338148518944091
"505",595,6543,1,8,2,0,0,0,6554,6554,"a","a","g","g",0.00122062862374123,0.00122062862374123,0.00346706600000001,7.93e-07,0.00346706600000001,"G","R","*",1,0,0.00335281704107831
"506",596,13,0,6671,0,0,0,0,6684,6684,"g","g","a","a",0.00194494314781568,0.00194494314781568,1,8.46e-07,1,"K","T","I",1,0,0.00388290161277223
"507",597,6777,0,20,2,0,0,0,6799,6799,"a","a","g","g",0.00294160906015591,0.00294160906015591,1,7.93e-07,1,"R","S","S",1,0,0.00645327928180775
"508",598,0,14,0,7010,0,1,0,7024,7025,"t","t","c","c",0.00199316628701595,0.00199316628701595,1,3.6e-06,1,"R","S","G",0,0,0.00397895363006743
"509",599,6,0,7099,0,0,0,0,7105,7105,"g","g","a","a",0.000844475721323012,0.000844475721323012,1,8.46e-07,1,"Y","S","F",1,0,0.0016877627099302
"510",600,5,13,0,7115,0,2,0,7133,7135,"t","t","c","c",0.0018225150707977,0.0018225150707977,0.01911644,3.6e-06,0.01911644,"C","*","W",1,0,0.0050374901548096
"511",601,0,13,0,7197,0,0,0,7210,7210,"t","t","c","c",0.00180305131761442,0.00180305131761442,1,3.6e-06,1,"H","N","D",1,0,0.00360009996750479
"512",602,7225,0,44,1,0,0,0,7270,7270,"a","a","g","g",0.00605226960110041,0.00605226960110041,1,7.93e-07,1,"C","S","F",0,0,0.0123063723528322
"513",603,0,7242,0,52,0,0,0,7294,7294,"c","c","t","t",0.00712914724431039,0.00712914724431039,1,1.7e-07,1,"Y","*","*",1,0,0.0141585861355535
"514",604,7364,0,20,1,0,0,0,7385,7385,"a","a","g","g",0.002708192281652,0.002708192281652,1,7.93e-07,1,"V","L","L",0,0,0.00567253319406046
"515",605,1,16,1,7386,0,0,0,7404,7404,"t","t","c","c",0.00216099405726634,0.00216099405726634,0.0992136000000003,3.6e-06,0.0992136000000003,"T","K","R",1,0,0.00485227527234458
"516",606,25,0,7447,2,0,0,0,7474,7474,"g","g","a","a",0.00334492908750334,0.00334492908750334,1,8.46e-07,1,"I","I","I",0,0,0.0072016999132834
"517",607,7497,0,15,7,0,0,0,7519,7519,"a","a","g","g",0.00199494613645432,0.00199494613645432,1,7.93e-07,1,"D","H","Y",1,0,0.00583921105638528
"518",608,7541,0,14,2,0,0,0,7557,7557,"a","a","g","g",0.00185258700542543,0.00185258700542543,1,7.93e-07,1,"S","T","I",1,0,0.00422705910464273
"519",609,4,15,0,7563,0,0,0,7582,7582,"t","t","c","c",0.00197836982326563,0.00197836982326563,0.0253997,3.6e-06,0.0253997,"N","K","K",1,0,0.00500205796391324
"520",610,1,7682,0,8,0,0,0,7691,7691,"c","c","t","t",0.00104017683006111,0.00104017683006111,0.0496838599999999,1.7e-07,0.0496838599999999,"Y","N","D",1,0,0.00233823365056585
"521",611,7817,9,10,4,0,0,0,7840,7840,"a","a","g","g",0.00127551020408163,0.00127551020408163,0.000460817777777778,7.93e-07,0.000460817777777778,"R","P","L",1,0,0.0058562824287771
"522",612,2,7897,2,2,0,0,0,7903,7903,"c","c","t","t",0.000253068455017082,0.000253068455017082,0.02552669,1.7e-07,0.02552669,"H","Q","Q",1,0,0.00151783426437352
"523",613,2,18,0,8000,0,1,0,8020,8021,"t","t","c","c",0.00224438902743142,0.00224438902743142,0.0537340000000001,3.6e-06,0.0537340000000001,"R","S","G",0,0,0.00497683338728873
"524",614,18,0,8045,1,0,1,0,8064,8065,"g","g","a","a",0.00223214285714286,0.00223214285714286,1,8.46e-07,1,"Y","S","F",1,0,0.00470233542794934
"525",615,5,126,0,7954,0,0,0,8085,8085,"t","t","c","c",0.0155844155844156,0.0155844155844156,0.0216678,3.6e-06,0.0216678,"C","*","W",1,0,0.0319038469600426
"526",616,8136,0,8,2,0,2,0,8146,8148,"a","a","g","g",0.000982077093051805,0.000982077093051805,1,7.93e-07,1,"D","H","Y",1,0,0.0024529621093979
"527",617,8196,1,7,7,0,0,0,8211,8211,"a","a","g","g",0.000852514919011083,0.000852514919011083,0.00434361899999999,7.93e-07,0.00434361899999999,"S","T","I",1,0,0.00364927414592379
"528",618,0,8214,1,8,0,0,0,8223,8223,"c","c","t","t",0.000972880943694515,0.000972880943694515,1,1.7e-07,1,"N","K","K",1,0,0.00218708889841615
"529",619,8257,1,12,2,0,0,0,8272,8272,"a","a","g","g",0.00145067698259188,0.00145067698259188,0.004375888,7.93e-07,0.004375888,"A","P","S",0,0,0.00362166451868487
"530",620,1,8282,1,2,0,0,0,8286,8286,"c","c","t","t",0.000241370987207338,0.000241370987207338,0.0535275599999999,1.7e-07,0.0535275599999999,"I","N","S",0,0,0.000965280014380292
"531",621,0,20,0,8333,0,1,0,8353,8354,"t","t","c","c",0.00239434933556806,0.00239434933556806,1,3.6e-06,1,"T","T","T",0,0,0.0047778048403469
"532",622,1,20,1,8362,0,0,0,8384,8384,"t","t","c","c",0.00238549618320611,0.00238549618320611,0.1123456,3.6e-06,0.1123456,"P","T","A",1,0,0.0052361114778819
"533",623,33,8365,1,11,0,0,0,8410,8410,"c","c","t","t",0.00130796670630202,0.00130796670630202,0.00164632121212121,1.7e-07,0.00164632121212121,"F","Y","C",1,0,0.0106570602897156
"534",624,0,18,1,8533,0,0,0,8552,8552,"t","t","c","c",0.00210477081384471,0.00210477081384471,1,3.6e-06,1,"S","S","S",0,0,0.00443454389494213
"535",625,8605,0,5,3,0,0,0,8613,8613,"a","a","g","g",0.000580517821897132,0.000580517821897132,1,7.93e-07,1,"V","L","F",0,0,0.00185655153863107
"536",626,4,19,0,8621,0,1,0,8644,8645,"t","t","c","c",0.00219805645534475,0.00219805645534475,0.0289574,3.6e-06,0.0289574,"T","N","S",1,0,0.00531009920319734
"537",627,0,12,0,8672,0,0,0,8684,8684,"t","t","c","c",0.00138185168125288,0.00138185168125288,1,3.6e-06,1,"I","I","M",0,0,0.00276020218353679
"538",628,8693,0,10,1,0,0,0,8704,8704,"a","a","g","g",0.00114889705882353,0.00114889705882353,1,7.93e-07,1,"V","L","F",0,0,0.00252493329717271
"539",629,1,50,0,8697,0,0,0,8748,8748,"t","t","c","c",0.00571559213534522,0.00571559213534522,0.1172232,3.6e-06,0.1172232,"T","N","S",1,0,0.0115944644996581
"540",630,1,8636,0,187,0,2,0,8824,8826,"c","c","t","t",0.0211922030825023,0.0211922030825023,0.05700304,1.7e-07,0.05700304,"I","I","M",0,0,0.0417127399961919
"541",631,1,8940,3,7,0,0,0,8951,8951,"c","c","t","t",0.000782035526756787,0.000782035526756787,0.0578234600000001,1.7e-07,0.0578234600000001,"*","K","E",1,0,0.00245585368882975
"542",632,9039,0,24,5,0,0,0,9068,9068,"a","a","g","g",0.00264666960741068,0.00264666960741068,1,7.93e-07,1,"R","P","L",1,1,0.00637928523963326
"543",633,9061,1,23,6,0,0,0,9091,9091,"a","a","g","g",0.002529974700253,0.002529974700253,0.004809139,7.93e-07,0.004809139,"Q","H","H",1,0,0.00658291986937116
"544",634,25,0,9074,3,0,0,0,9102,9102,"g","g","a","a",0.0027466490881125,0.0027466490881125,1,8.46e-07,1,"K","Q","*",1,1,0.00613605208919045
"545",635,9094,2,21,4,0,0,0,9121,9121,"a","a","g","g",0.00230237912509593,0.00230237912509593,0.0024125045,7.93e-07,0.0024125045,"G","A","V",1,0,0.00590674691333091
"546",636,2,0,9189,0,0,0,0,9191,9191,"g","g","a","a",0.000217604178000218,0.000217604178000218,1,8.46e-07,1,"E","D","D",0,0,0.000435160999269641
"547",637,5,10,0,9195,0,0,0,9210,9210,"t","t","c","c",0.001085776330076,0.001085776330076,0.0246828,3.6e-06,0.0246828,"P","T","A",1,0,0.00325355606780838
"548",638,42,9195,1,6,0,0,0,9244,9244,"c","c","t","t",0.000649069666810904,0.000649069666810904,0.00142181523809524,1.7e-07,0.00142181523809524,"F","Y","C",1,0,0.0105534388052231
"549",639,12,71,1,9242,0,0,0,9326,9326,"t","t","c","c",0.00761312459789835,0.00761312459789835,0.0104140333333334,3.6e-06,0.0104140333333334,"S","S","S",0,0,0.0178753164349545
"550",640,2,27,0,9337,0,1,0,9366,9367,"t","t","c","c",0.00288276745675849,0.00288276745675849,0.0627522000000001,3.6e-06,0.0627522000000001,"R","S","G",0,0,0.00617532785202216
"551",641,9,0,9371,3,0,1,0,9383,9384,"g","g","a","a",0.000959181498454652,0.000959181498454652,1,8.46e-07,1,"Y","S","F",1,0,0.002555431814223
"552",642,3,15,12,9364,0,0,0,9394,9394,"t","t","c","c",0.00159676389184586,0.00159676389184586,0.0419598666666666,3.6e-06,0.0419598666666666,"C","*","W",1,0,0.00637325196597623
"553",643,5,0,9407,4,0,0,0,9416,9416,"g","g","a","a",0.000531011045029737,0.000531011045029737,1,8.46e-07,1,"N","H","Y",1,0,0.00191046663096137
"554",644,9394,0,42,2,0,0,0,9438,9438,"a","a","g","g",0.00445009535918627,0.00445009535918627,1,7.93e-07,1,"G","A","V",1,0,0.00928341040279542
"555",645,0,9440,0,13,0,0,0,9453,9453,"c","c","t","t",0.00137522479636094,0.00137522479636094,1,1.7e-07,1,"D","E","E",0,0,0.00274695769734391
"556",646,9415,3,44,11,0,0,0,9473,9473,"a","a","g","g",0.00464477990077061,0.00464477990077061,0.00167040566666667,7.93e-07,0.00167040566666667,"E","Q","*",1,1,0.0121861055674592
"557",647,9445,3,38,0,0,0,0,9486,9486,"a","a","g","g",0.00400590343664347,0.00400590343664347,0.001672698,7.93e-07,0.001672698,"R","T","M",1,0,0.00861039729941891
"558",648,7,0,9482,1,0,0,0,9490,9490,"g","g","a","a",0.000737618545837724,0.000737618545837724,1,8.46e-07,1,"K","N","N",1,0,0.00168489697071458
"559",649,0,9490,0,8,0,0,0,9498,9498,"c","c","t","t",0.000842282585807538,0.000842282585807538,1,1.7e-07,1,"Y","N","D",1,0,0.00168332352096737
"560",650,9500,0,26,1,0,0,0,9527,9527,"a","a","g","g",0.00272908575627165,0.00272908575627165,1,7.93e-07,1,"R","P","L",1,0,0.00565320380427123
"561",651,2,42,1,9499,0,1,0,9544,9545,"t","t","c","c",0.00440067057837385,0.00440067057837385,0.0639448,3.6e-06,0.0639448,"H","Q","Q",1,0,0.00938934011922389
"562",652,0,10,0,9562,0,0,0,9572,9572,"t","t","c","c",0.00104471374843293,0.00104471374843293,1,3.6e-06,1,"H","N","D",1,0,0.00208746272333417
"563",653,9582,5,10,1,0,0,0,9598,9598,"a","a","g","g",0.0010418837257762,0.0010418837257762,0.0010154684,7.93e-07,0.0010154684,"C","S","F",0,0,0.00333022820065389
"564",654,3,55,2,9555,0,0,0,9615,9615,"t","t","c","c",0.00572022880915237,0.00572022880915237,0.042947,3.6e-06,0.042947,"Y","*","*",1,0,0.0124099875582292
"565",655,2,10,0,9633,0,0,0,9645,9645,"t","t","c","c",0.00103680663556247,0.00103680663556247,0.0646214999999998,3.6e-06,0.0646214999999998,"R","R","G",1,1,0.00248592774734945
"566",656,10,2,9635,3,0,5,0,9650,9655,"g","g","a","a",0.00103626943005181,0.00103626943005181,0.00408194999999999,8.46e-07,0.00408194999999999,"*","S","L",0,1,0.00310550047603526
"567",657,26,4,9624,4,0,0,0,9658,9658,"g","g","a","a",0.00269206875129426,0.00269206875129426,0.002042667,8.46e-07,0.002042667,"*","C","C",1,0,0.00702153871582825
"568",658,75,1,9580,7,0,0,0,9663,9663,"g","g","a","a",0.00776156473144986,0.00776156473144986,0.00817489799999998,8.46e-07,0.00817489799999998,"N","H","Y",1,0,0.0170461377226441
"569",659,9665,0,7,5,0,0,0,9677,9677,"a","a","g","g",0.000723364679136096,0.000723364679136096,1,7.93e-07,1,"G","A","V",1,0,0.00247803558879035
"570",660,1,22,1,9678,0,0,0,9702,9702,"t","t","c","c",0.00226757369614512,0.00226757369614512,0.1300068,3.6e-06,0.1300068,"D","E","E",0,0,0.00493665993540822
"571",661,9677,0,34,3,0,0,0,9714,9714,"a","a","g","g",0.00350010294420424,0.00350010294420424,1,7.93e-07,1,"A","P","S",0,0,0.00759179855723798
"572",662,1,9716,0,7,0,0,0,9724,9724,"c","c","t","t",0.00071986836692719,0.00071986836692719,0.0628170399999999,1.7e-07,0.0628170399999999,"I","N","S",0,0,0.00164437688259312
"573",663,4,11,0,9723,0,0,0,9738,9738,"t","t","c","c",0.00112959539946601,0.00112959539946601,0.0326223,3.6e-06,0.0326223,"T","T","T",0,0,0.00307721331439956
"574",664,9744,0,12,2,0,0,0,9758,9758,"a","a","g","g",0.00122976019676163,0.00122976019676163,1,7.93e-07,1,"V","L","F",0,0,0.0028661214383888
"575",665,0,11,2,9742,0,2,0,9755,9757,"t","t","c","c",0.00112762685802153,0.00112762685802153,1,3.6e-06,1,"T","N","S",1,0,0.00266248324886519
"576",666,1,18,2,9759,0,0,0,9780,9780,"t","t","c","c",0.00184049079754601,0.00184049079754601,0.131052,3.6e-06,0.131052,"I","I","M",0,1,0.00428686653989779
"577",667,9770,4,14,3,0,1,0,9791,9792,"a","a","g","g",0.00142988458788683,0.00142988458788683,0.00129485975,7.93e-07,0.00129485975,"G","R","*",1,0,0.00428318558589537
"578",668,27,2,9770,9,0,1,0,9808,9809,"g","g","a","a",0.00275285481239804,0.00275285481239804,0.004148784,8.46e-07,0.004148784,"K","T","I",1,0,0.00772609154395993
"579",669,9794,1,14,4,0,0,0,9813,9813,"a","a","g","g",0.00142667889534291,0.00142667889534291,0.00519107699999998,7.93e-07,0.00519107699999998,"R","S","S",1,0,0.00386684734664604
"580",670,2,23,0,9827,0,14,0,9852,9866,"t","t","c","c",0.00233455136012992,0.00233455136012992,0.0660084000000001,3.6e-06,0.0660084000000001,"L","I","V",0,0,0.00506369509837875
"581",671,2,12,1,9867,0,2,0,9882,9884,"t","t","c","c",0.00121432908318154,0.00121432908318154,0.0662094,3.6e-06,0.0662094,"S","Y","C",1,0,0.00303229970754386
"582",672,2,27,0,9881,0,0,0,9910,9910,"t","t","c","c",0.00272452068617558,0.00272452068617558,0.066397,3.6e-06,0.066397,"F","L","L",0,1,0.00583723590017291
"583",673,9893,5,13,7,0,1,0,9918,9919,"a","a","g","g",0.00131074813470458,0.00131074813470458,0.0010493244,7.93e-07,0.0010493244,"G","R","W",1,1,0.00503302232079395
"584",674,5,0,9929,6,0,0,0,9940,9940,"g","g","a","a",0.000503018108651912,0.000503018108651912,1,8.46e-07,1,"K","T","M",1,0,0.00221166014094427
"585",675,5,1,9949,0,0,0,0,9955,9955,"g","g","a","a",0.000502260170768458,0.000502260170768458,0.00842192999999997,8.46e-07,0.00842192999999997,"R","S","S",1,0,0.00120491982859981
"586",676,4,7,0,9938,0,0,0,9949,9949,"t","t","c","c",0.000703588300331692,0.000703588300331692,0.03332915,3.6e-06,0.03332915,"H","N","D",1,0,0.00220962049193145
"587",677,9943,0,11,5,0,0,0,9959,9959,"a","a","g","g",0.00110452856712521,0.00110452856712521,1,7.93e-07,1,"C","S","F",0,0,0.00320944311121269
"588",678,2,19,0,9940,0,0,0,9961,9961,"t","t","c","c",0.00190743901214737,0.00190743901214737,0.0667387,3.6e-06,0.0667387,"Y","*","*",1,0,0.00420874341659379
"589",679,0,19,0,9958,0,0,0,9977,9977,"t","t","c","c",0.00190438007417059,0.00190438007417059,1,3.6e-06,1,"R","S","G",0,0,0.0038018878866461
"590",680,12,1,9957,0,0,3,0,9970,9973,"g","g","a","a",0.00120361083249749,0.00120361083249749,0.00843462000000003,8.46e-07,0.00843462000000003,"Y","S","F",1,0,0.00260492582170224
"591",681,4,20,0,9957,0,0,0,9981,9981,"t","t","c","c",0.00200380723374411,0.00200380723374411,0.03343635,3.6e-06,0.03343635,"C","*","W",1,0,0.00479966043699462
"592",682,13,2,9961,3,0,0,0,9979,9979,"g","g","a","a",0.00130273574506464,0.00130273574506464,0.004221117,8.46e-07,0.004221117,"T","P","S",1,0,0.00360285563403331
"593",683,1,9934,0,35,0,0,0,9970,9970,"c","c","t","t",0.00351053159478435,0.00351053159478435,0.0644062000000002,1.7e-07,0.0644062000000002,"V","E","G",1,0,0.00719701485839805
"594",684,9945,0,48,2,0,0,0,9995,9995,"a","a","g","g",0.0048024012006003,0.0048024012006003,1,7.93e-07,1,"A","A","A",0,0,0.00995787067037621
"595",685,1,10059,0,11,0,0,0,10071,10071,"c","c","t","t",0.00109224506007348,0.00109224506007348,0.06505866,1.7e-07,0.06505866,"S","T","A",1,0,0.00238069389558563
"596",686,32,10052,1,1,0,0,0,10086,10086,"c","c","t","t",9.9147332936744e-05,9.9147332936744e-05,0.00203611125,1.7e-07,0.00203611125,"L","H","R",1,0,0.00672123554978007
"597",687,2,57,0,10036,0,1,0,10095,10096,"t","t","c","c",0.00564635958395245,0.00564635958395245,0.0676364999999998,3.6e-06,0.0676364999999998,"P","P","P",0,0,0.0116240278479862
"598",688,24,10057,1,17,0,1,0,10099,10100,"c","c","t","t",0.00168333498366175,0.00168333498366175,0.00271831416666667,1.7e-07,0.00271831416666667,"S","T","A",1,0,0.00829268946088899
"599",689,4,10089,0,24,0,0,0,10117,10117,"c","c","t","t",0.00237224473658199,0.00237224473658199,0.016338955,1.7e-07,0.016338955,"L","Q","R",1,1,0.00552233998633544
"600",690,10094,0,14,2,0,4,0,10110,10114,"a","a","g","g",0.00138476755687438,0.00138476755687438,1,7.93e-07,1,"P","P","P",0,1,0.003161034339938
"601",691,3,0,10113,2,0,2,0,10118,10120,"g","g","a","a",0.000296501284838901,0.000296501284838901,1,8.46e-07,1,"S","R","C",0,0,0.00098806408194709
"602",692,8,1,10110,0,0,0,0,10119,10119,"g","g","a","a",0.000790591955726851,0.000790591955726851,0.008560674,8.46e-07,0.008560674,"D","A","V",1,0,0.00177758170555525
"603",693,1,18,1,10108,0,0,0,10128,10128,"t","t","c","c",0.00177725118483412,0.00177725118483412,0.1357152,3.6e-06,0.1357152,"G","G","G",0,0,0.00394275871783796
"604",694,3,3,1,10137,0,0,0,10144,10144,"t","t","c","c",0.000295741324921136,0.000295741324921136,0.0453098666666666,3.6e-06,0.0453098666666666,"H","N","D",1,0,0.0013796013536398
"605",695,10134,0,7,0,0,0,0,10141,10141,"a","a","g","g",0.0006902672320284,0.0006902672320284,1,7.93e-07,1,"C","S","F",0,0,0.00137971757975854
"606",696,1,16,1,10138,0,0,0,10156,10156,"t","t","c","c",0.00157542339503742,0.00157542339503742,0.1360904,3.6e-06,0.1360904,"Y","*","*",1,0,0.0035394085646485
"607",697,8,0,10144,0,0,0,0,10152,10152,"g","g","a","a",0.000788022064617809,0.000788022064617809,1,8.46e-07,1,"T","P","S",1,0,0.00157495730932579
"608",698,3,10149,0,4,0,1,0,10156,10157,"c","c","t","t",0.000393855848759354,0.000393855848759354,0.0218692533333333,1.7e-07,0.0218692533333333,"V","D","G",1,0,0.00137791370426371
"609",699,0,23,0,10141,0,5,0,10164,10169,"t","t","c","c",0.00226288862652499,0.00226288862652499,1,3.6e-06,1,"A","A","A",0,0,0.00451598023449571
"610",700,0,26,0,10144,0,1,0,10170,10171,"t","t","c","c",0.00255653883972468,0.00255653883972468,1,3.6e-06,1,"L","M","V",0,0,0.00510050742259163
"611",701,1,13,0,10162,0,0,0,10176,10176,"t","t","c","c",0.00127751572327044,0.00127751572327044,0.1363584,3.6e-06,0.1363584,"S","*","W",0,0,0.00274830791340225
"612",702,7,0,10162,2,0,2,0,10171,10173,"g","g","a","a",0.000688231245698555,0.000688231245698555,1,8.46e-07,1,"L","F","F",0,0,0.00176861605580947
"613",703,1,10160,1,9,0,0,0,10171,10171,"c","c","t","t",0.00088486874446957,0.00088486874446957,0.06570466,1.7e-07,0.06570466,"F","I","V",0,0,0.00216125299657083
"614",704,5,16,0,10158,0,2,0,10179,10181,"t","t","c","c",0.00157186364082916,0.00157186364082916,0.02727972,3.6e-06,0.02727972,"P","H","R",1,0,0.00411957846858003
"615",705,0,4,2,10219,0,0,0,10225,10225,"t","t","c","c",0.00039119804400978,0.00039119804400978,1,3.6e-06,1,"L","L","L",0,1,0.00117317324211501
"616",706,10211,0,16,2,0,2,0,10229,10231,"a","a","g","g",0.00156418027177632,0.00156418027177632,1,7.93e-07,1,"G","R","*",1,0,0.00351416771803678
"617",707,66,0,10178,2,0,0,0,10246,10246,"g","g","a","a",0.00644153816123365,0.00644153816123365,1,8.46e-07,1,"K","T","I",1,0,0.0131891820417343
"618",708,10228,1,15,4,0,0,0,10248,10248,"a","a","g","g",0.00146370023419204,0.00146370023419204,0.005421192,7.93e-07,0.005421192,"R","S","S",1,0,0.00389746790572622
"619",709,1,21,1,10235,0,0,0,10258,10258,"t","t","c","c",0.00204718268668356,0.00204718268668356,0.1374572,3.6e-06,0.1374572,"R","S","G",0,0,0.00447550401550877
"620",710,6,0,10251,1,0,0,0,10258,10258,"g","g","a","a",0.000584909339052447,0.000584909339052447,1,8.46e-07,1,"Y","S","F",1,0,0.00136410415320986
"621",711,0,18,1,10239,0,0,0,10258,10258,"t","t","c","c",0.00175472801715734,0.00175472801715734,1,3.6e-06,1,"C","*","W",1,0,0.00369826707278623
"622",712,10252,0,16,1,0,2,0,10269,10271,"a","a","g","g",0.001558087447658,0.001558087447658,1,7.93e-07,1,"D","H","Y",1,0,0.00330608008042936
"623",713,10241,2,25,1,0,0,0,10269,10269,"a","a","g","g",0.00243451163696562,0.00243451163696562,0.0027161505,7.93e-07,0.0027161505,"S","T","I",1,0,0.00544042695966237
"624",714,9,16,0,10245,0,1,0,10270,10271,"t","t","c","c",0.00155793573515093,0.00155793573515093,0.0152908888888889,3.6e-06,0.0152908888888889,"N","K","K",1,0,0.00485990155944338
"625",715,32,0,10236,3,0,0,0,10271,10271,"g","g","a","a",0.00311556810437153,0.00311556810437153,1,8.46e-07,1,"N","H","Y",1,0,0.00679456258282719
"626",716,10261,1,19,1,0,0,0,10282,10282,"a","a","g","g",0.00184788951565843,0.00184788951565843,0.005439178,7.93e-07,0.005439178,"G","A","V",1,0,0.00407759995100523
"627",717,1,10272,0,11,0,0,0,10284,10284,"c","c","t","t",0.00106962271489693,0.00106962271489693,0.06643464,1.7e-07,0.06643464,"D","E","E",0,0,0.00233143387902219
"628",718,10249,0,30,10,0,0,0,10289,10289,"a","a","g","g",0.00291573525123919,0.00291573525123919,1,7.93e-07,1,"A","P","S",0,0,0.00775148745576328
"629",719,1,10287,0,4,0,0,0,10292,10292,"c","c","t","t",0.000388651379712398,0.000388651379712398,0.06648632,1.7e-07,0.06648632,"I","K","R",1,0,0.000971326320135363
"630",720,10277,0,18,1,0,2,0,10296,10298,"a","a","g","g",0.00174825174825175,0.00174825174825175,1,7.93e-07,1,"T","T","T",0,0,0.00368464032864227
"631",721,10275,1,25,8,0,2,0,10309,10311,"a","a","g","g",0.00242506547676787,0.00242506547676787,0.005453461,7.93e-07,0.005453461,"D","H","Y",1,0,0.00657944636837364
"632",722,10298,0,14,1,0,0,0,10313,10313,"a","a","g","g",0.00135750993891205,0.00135750993891205,1,7.93e-07,1,"S","T","I",1,0,0.00290526384521348
"633",723,2,12,0,10312,0,0,0,10326,10326,"t","t","c","c",0.00116211504938989,0.00116211504938989,0.0691841999999999,3.6e-06,0.0691841999999999,"N","K","K",1,0,0.00270863787266352
"634",724,3,6,0,10310,0,0,0,10319,10319,"t","t","c","c",0.000581451691055335,0.000581451691055335,0.0460915333333334,3.6e-06,0.0460915333333334,"H","N","D",1,0,0.00174334071665903
"635",725,10306,2,11,2,0,0,0,10321,10321,"a","a","g","g",0.00106578819881794,0.00106578819881794,0.00272990450000001,7.93e-07,0.00272990450000001,"C","S","F",0,0,0.00290365319747726
"636",726,1,22,2,10299,0,0,0,10324,10324,"t","t","c","c",0.00213095699341341,0.00213095699341341,0.1383416,3.6e-06,0.1383416,"Y","*","*",1,0,0.00483310046370126
"637",727,5,11,1,10306,0,0,0,10323,10323,"t","t","c","c",0.001065581710743,0.001065581710743,0.02766564,3.6e-06,0.02766564,"P","T","A",1,0,0.00328984346210315
"638",728,5,10304,3,14,0,0,0,10326,10326,"c","c","t","t",0.00135580089095487,0.00135580089095487,0.013341192,1.7e-07,0.013341192,"L","*","*",1,1,0.00425480427647083
"639",729,10250,2,70,4,0,0,0,10326,10326,"a","a","g","g",0.00677900445477436,0.00677900445477436,0.00273122699999999,7.93e-07,0.00273122699999999,"S","S","S",0,1,0.014621226936495
"640",730,7,0,10329,3,0,0,0,10339,10339,"g","g","a","a",0.000677048070412999,0.000677048070412999,1,8.46e-07,1,"S","R","C",0,0,0.00193313194600883
"641",731,8,0,10330,2,0,0,0,10340,10340,"g","g","a","a",0.000773694390715667,0.000773694390715667,1,8.46e-07,1,"D","A","V",1,0,0.00193285157343988
"642",732,27,10303,1,4,0,0,0,10335,10335,"c","c","t","t",0.0003870343492985,0.0003870343492985,0.00247274444444444,1.7e-07,0.00247274444444444,"G","G","G",0,0,0.00617657608868158
"643",733,2,20,0,10313,0,2,0,10335,10337,"t","t","c","c",0.0019351717464925,0.0019351717464925,0.0692445000000001,3.6e-06,0.0692445000000001,"L","I","V",0,0,0.00424947536040795
"644",734,2,24,0,10311,0,0,0,10337,10337,"t","t","c","c",0.00232175679597562,0.00232175679597562,0.0692579000000002,3.6e-06,0.0692579000000002,"S","Y","C",1,0,0.00501920421126909
"645",735,1,16,1,10320,0,1,0,10338,10339,"t","t","c","c",0.00154768814083962,0.00154768814083962,0.1385292,3.6e-06,0.1385292,"F","L","L",0,0,0.00347718901459582
"646",736,10318,0,16,5,0,1,0,10339,10340,"a","a","g","g",0.00154753844665828,0.00154753844665828,1,7.93e-07,1,"V","L","L",0,0,0.00405592641977119
"647",737,8,16,1,10310,0,0,0,10335,10335,"t","t","c","c",0.001548137397194,0.001548137397194,0.017311125,3.6e-06,0.017311125,"T","K","R",1,0,0.00482954000158611
"648",738,7,2,10318,2,0,0,0,10329,10329,"g","g","a","a",0.000677703553102914,0.000677703553102914,0.00436916699999999,8.46e-07,0.00436916699999999,"I","I","I",0,0,0.00212846310677697
"649",739,2,10300,1,3,0,0,0,10306,10306,"c","c","t","t",0.000291092567436445,0.000291092567436445,0.0332883799999999,1.7e-07,0.0332883799999999,"S","T","A",1,0,0.0011640124655225
"650",740,0,10305,1,4,0,0,0,10310,10310,"c","c","t","t",0.000387972841901067,0.000387972841901067,1,1.7e-07,1,"L","H","R",1,0,0.000969631029698326
"651",741,6,10,1,10296,0,1,0,10313,10314,"t","t","c","c",0.000969649956365752,0.000969649956365752,0.0230323666666667,3.6e-06,0.0230323666666667,"P","P","P",0,0,0.00329312382775978
"652",742,10277,1,21,4,0,9,0,10303,10312,"a","a","g","g",0.00203824128894497,0.00203824128894497,0.005450287,7.93e-07,0.005450287,"E","Q","*",1,0,0.00503687972921733
"653",743,10296,1,12,2,0,0,0,10311,10311,"a","a","g","g",0.00116380564445738,0.00116380564445738,0.005454519,7.93e-07,0.005454519,"R","T","I",1,0,0.00290627818209645
"654",744,10305,0,9,3,0,0,0,10317,10317,"a","a","g","g",0.000872346612387322,0.000872346612387322,1,7.93e-07,1,"K","N","N",1,0,0.00232428450834412
"655",745,2,19,0,10297,0,0,0,10318,10318,"t","t","c","c",0.0018414421399496,0.0018414421399496,0.0691306,3.6e-06,0.0691306,"R","S","G",0,0,0.00406337928526347
"656",746,10,0,10305,0,0,0,0,10315,10315,"g","g","a","a",0.000969461948618517,0.000969461948618517,1,8.46e-07,1,"Y","S","F",1,0,0.00193723199156754
"657",747,3,45,0,10261,0,0,0,10309,10309,"t","t","c","c",0.00436511785818217,0.00436511785818217,0.0460468666666666,3.6e-06,0.0460468666666666,"C","*","W",1,0,0.00927233242515243
"658",748,3,21,0,10279,0,0,0,10303,10303,"t","t","c","c",0.00203824128894497,0.00203824128894497,0.0460200666666667,3.6e-06,0.0460200666666667,"P","T","A",1,0,0.00464962311727516
"659",749,1,10296,2,6,0,0,0,10305,10305,"c","c","t","t",0.000582241630276565,0.000582241630276565,0.0665703,1.7e-07,0.0665703,"F","Y","C",1,0,0.00174574544709346
"660",750,2,13,0,10287,0,0,0,10302,10302,"t","t","c","c",0.00126189089497185,0.00126189089497185,0.0690234,3.6e-06,0.0690234,"S","S","S",0,0,0.00290858816861545
"661",751,10279,2,14,4,0,4,0,10299,10303,"a","a","g","g",0.00135935527721138,0.00135935527721138,0.0027240855,7.93e-07,0.0027240855,"E","Q","*",1,1,0.00387844128644423
"662",752,10290,1,11,2,0,0,0,10304,10304,"a","a","g","g",0.00106754658385093,0.00106754658385093,0.005450816,7.93e-07,0.005450816,"R","T","M",1,1,0.00271462195477046
"663",753,25,1,10270,2,0,1,0,10298,10299,"g","g","a","a",0.00242765585550592,0.00242765585550592,0.008712108,8.46e-07,0.008712108,"K","N","N",1,0,0.00542514244778213
"664",754,3,1,10284,4,0,1,0,10292,10293,"g","g","a","a",0.000291488534784299,0.000291488534784299,0.008707032,8.46e-07,0.008707032,"M","L","L",0,0,0.00155390684520032
"665",755,3,16,0,10272,0,1,0,10291,10292,"t","t","c","c",0.00155475658342241,0.00155475658342241,0.0459664666666667,3.6e-06,0.0459664666666667,"A","E","G",1,1,0.00368699418354457
"666",756,67,2,10210,1,0,3,0,10280,10283,"g","g","a","a",0.00651750972762646,0.00651750972762646,0.00434844000000001,8.46e-07,0.00434844000000001,"V","V","V",0,0,0.0135311009602518
"667",757,10,3,10260,8,0,1,0,10281,10282,"g","g","a","a",0.000972668028401906,0.000972668028401906,0.002899242,8.46e-07,0.002899242,"M","L","L",0,0,0.00407979359757355
"668",758,6,13,4,10257,0,0,0,10280,10280,"t","t","c","c",0.00126459143968872,0.00126459143968872,0.0229586666666667,3.6e-06,0.0229586666666667,"A","E","G",1,1,0.00446804580227225
"669",759,25,0,10235,4,0,9,0,10264,10273,"g","g","a","a",0.002435697583788,0.002435697583788,1,8.46e-07,1,"V","V","V",0,0,0.00563730018973332
"670",760,7,0,10250,1,0,0,0,10258,10258,"g","g","a","a",0.000682394228894521,0.000682394228894521,1,8.46e-07,1,"I","L","F",0,0,0.00155882682290709
"671",761,1,29,0,10218,0,1,0,10248,10249,"t","t","c","c",0.00282982045277127,0.00282982045277127,0.1373232,3.6e-06,0.1373232,"A","D","G",1,0,0.00583878360620694
"672",762,25,10192,0,13,0,1,0,10230,10231,"c","c","t","t",0.00127077223851417,0.00127077223851417,0.002643432,1.7e-07,0.002643432,"V","V","V",0,0,0.00740846922197226
"673",763,1,10,2,10207,0,1,0,10220,10221,"t","t","c","c",0.000978473581213307,0.000978473581213307,0.136948,3.6e-06,0.136948,"P","T","A",1,0,0.00254165670064339
"674",764,0,10207,0,6,0,1,0,10213,10214,"c","c","t","t",0.000587486536766866,0.000587486536766866,1,1.7e-07,1,"F","Y","C",1,0,0.00117439778315304
"675",765,4,36,0,10169,0,1,0,10209,10210,"t","t","c","c",0.0035263003232442,0.0035263003232442,0.03420015,3.6e-06,0.03420015,"S","S","S",0,0,0.00780904795111327
"676",766,5,30,0,10166,0,1,0,10201,10202,"t","t","c","c",0.00294088814822076,0.00294088814822076,0.02733868,3.6e-06,0.02733868,"P","T","A",1,0,0.00684208199503701
"677",767,1,10204,0,26,0,2,0,10231,10233,"c","c","t","t",0.00254129606099111,0.00254129606099111,0.06609226,1.7e-07,0.06609226,"L","*","*",1,0,0.00526515880042953
"678",768,10204,0,15,9,0,1,0,10228,10229,"a","a","g","g",0.00146656237778647,0.00146656237778647,1,7.93e-07,1,"S","S","S",0,0,0.00468502651140962
"679",769,2,15,0,10207,0,1,0,10224,10225,"t","t","c","c",0.00146713615023474,0.00146713615023474,0.0685008000000001,3.6e-06,0.0685008000000001,"R","S","G",0,0,0.00332087791238174
"680",770,6,0,10209,3,0,0,0,10218,10218,"g","g","a","a",0.000587199060481503,0.000587199060481503,1,8.46e-07,1,"Y","S","F",1,0,0.00176056267199079
"681",771,3,10175,0,3,0,0,0,10181,10181,"c","c","t","t",0.000294666535703762,0.000294666535703762,0.0219230866666667,1.7e-07,0.0219230866666667,"C","*","W",1,0,0.00117826090396437
"682",772,10152,4,8,3,0,0,0,10167,10167,"a","a","g","g",0.000786859447231238,0.000786859447231238,0.00134458575,7.93e-07,0.00134458575,"A","P","S",0,0,0.00294797518853986
"683",773,1,10109,0,5,0,3,0,10115,10118,"c","c","t","t",0.000494315373208107,0.000494315373208107,0.0653429,1.7e-07,0.0653429,"I","K","R",1,0,0.00118586815200437
"684",774,10093,0,16,2,0,0,0,10111,10111,"a","a","g","g",0.00158243497181288,0.00158243497181288,1,7.93e-07,1,"T","T","T",0,1,0.00355511781637278
"685",775,10049,3,30,1,0,0,0,10083,10083,"a","a","g","g",0.0029753049687593,0.0029753049687593,0.001777969,7.93e-07,0.001777969,"G","R","W",1,1,0.0067243702305579
"686",776,12,0,9922,2,0,1,0,9936,9937,"g","g","a","a",0.00120772946859903,0.00120772946859903,1,8.46e-07,1,"K","T","M",1,0,0.00281483426491194
"687",777,1,1,9717,3,0,0,0,9722,9722,"g","g","a","a",0.00010285949393129,0.00010285949393129,0.00822481199999999,8.46e-07,0.00822481199999999,"R","S","S",1,0,0.00102831982905241
"688",778,9681,0,4,2,0,0,0,9687,9687,"a","a","g","g",0.000412924538040673,0.000412924538040673,1,7.93e-07,1,"V","L","L",0,0,0.00123830467235881
"689",779,0,15,0,9617,0,0,0,9632,9632,"t","t","c","c",0.00155730897009967,0.00155730897009967,1,3.6e-06,1,"T","K","R",1,0,0.00311009040918877
"690",780,13,0,9548,4,0,0,0,9565,9565,"g","g","a","a",0.00135912179822269,0.00135912179822269,1,8.46e-07,1,"I","I","I",0,0,0.00354981642913846
"691",781,9532,0,4,1,0,0,0,9537,9537,"a","a","g","g",0.000419419104540212,0.000419419104540212,1,7.93e-07,1,"V","L","L",0,0,0.00104819589968565
"692",782,1,25,1,9471,0,0,0,9498,9498,"t","t","c","c",0.00263213308064856,0.00263213308064856,0.1272732,3.6e-06,0.1272732,"T","K","R",1,1,0.00567097326542125
"693",783,8,4,9408,0,0,0,0,9420,9420,"g","g","a","a",0.000849256900212314,0.000849256900212314,0.00199233,8.46e-07,0.00199233,"I","I","I",0,0,0.00254551659483959
"694",784,2,1,9381,4,0,0,0,9388,9388,"g","g","a","a",0.000213037920749893,0.000213037920749893,0.00794224799999998,8.46e-07,0.00794224799999998,"K","Q","*",1,1,0.00149062998538125
"695",785,9323,0,21,2,0,0,0,9346,9346,"a","a","g","g",0.00224695056708752,0.00224695056708752,1,7.93e-07,1,"G","A","V",1,0,0.00491126637696582
"696",786,2,0,9330,0,0,0,0,9332,9332,"g","g","a","a",0.000214316330904415,0.000214316330904415,1,8.46e-07,1,"E","D","D",0,0,0.000428586725396676
"697",787,9290,0,6,4,0,0,0,9300,9300,"a","a","g","g",0.000645161290322581,0.000645161290322581,1,7.93e-07,1,"A","P","S",0,0,0.00214901128228611
"698",788,1,9240,1,2,0,0,0,9244,9244,"c","c","t","t",0.000216356555603635,0.000216356555603635,0.0597162400000002,1.7e-07,0.0597162400000002,"I","K","R",1,0,0.000865262369132139
"699",789,9199,1,20,4,0,0,0,9224,9224,"a","a","g","g",0.00216825672159584,0.00216825672159584,0.00487949599999999,7.93e-07,0.00487949599999999,"T","T","T",0,0,0.00540898122355035
"700",790,1,9160,0,11,0,0,0,9172,9172,"c","c","t","t",0.00119930222416049,0.00119930222416049,0.0592511199999999,1.7e-07,0.0592511199999999,"*","K","E",1,1,0.00261378243285032
"701",791,9088,0,15,4,0,0,0,9107,9107,"a","a","g","g",0.00164708466015153,0.00164708466015153,1,7.93e-07,1,"R","P","L",1,0,0.00416581341997649
"702",792,0,1,9015,2,0,0,0,9018,9018,"g","g","a","a",0,0,0.00762922799999998,8.46e-07,0.00762922799999998,"Q","H","H",1,0,0.000665237612215344
"703",793,8975,0,15,3,0,0,0,8993,8993,"a","a","g","g",0.00166796397197821,0.00166796397197821,1,7.93e-07,1,"A","P","S",0,0,0.00399665833410169
"704",794,1,8937,1,24,0,0,0,8963,8963,"c","c","t","t",0.00267767488564097,0.00267767488564097,0.05790098,1.7e-07,0.05790098,"I","N","S",0,0,0.00578666497291065
"705",795,5,4,1,8827,0,0,0,8837,8837,"t","t","c","c",0.000452642299422881,0.000452642299422881,0.02368316,3.6e-06,0.02368316,"T","T","T",0,0,0.00226164907179385
"706",796,0,0,0,39,0,0,0,39,NA,NA,NA,NA,NA,NA,NA,NA,NA,NA,NA,NA,NA,NA,NA,NA
"707",797,NA,NA,NA,NA,NA,NA,NA,NA,NA,NA,"c",NA,"t",NA,NA,NA,1.7e-07,NA,NA,NA,NA,0,0,NA
"708",798,NA,NA,NA,NA,NA,NA,NA,NA,NA,NA,"t",NA,"c",NA,NA,NA,3.6e-06,NA,NA,NA,NA,0,0,NA
"709",799,NA,NA,NA,NA,NA,NA,NA,NA,NA,NA,"a",NA,"g",NA,NA,NA,7.93e-07,NA,NA,NA,NA,0,0,NA
"710",800,NA,NA,NA,NA,NA,NA,NA,NA,NA,NA,"c",NA,"t",NA,NA,NA,1.7e-07,NA,NA,NA,NA,0,0,NA
"711",801,NA,NA,NA,NA,NA,NA,NA,NA,NA,NA,"t",NA,"c",NA,NA,NA,3.6e-06,NA,NA,NA,NA,0,0,NA
"712",802,NA,NA,NA,NA,NA,NA,NA,NA,NA,NA,"t",NA,"c",NA,NA,NA,3.6e-06,NA,NA,NA,NA,0,0,NA
"713",803,NA,NA,NA,NA,NA,NA,NA,NA,NA,NA,"g",NA,"a",NA,NA,NA,8.46e-07,NA,NA,NA,NA,0,0,NA
"714",804,NA,NA,NA,NA,NA,NA,NA,NA,NA,NA,"g",NA,"a",NA,NA,NA,8.46e-07,NA,NA,NA,NA,0,0,NA
"715",805,NA,NA,NA,NA,NA,NA,NA,NA,NA,NA,"t",NA,"c",NA,NA,NA,3.6e-06,NA,NA,NA,NA,0,0,NA
"716",806,NA,NA,NA,NA,NA,NA,NA,NA,NA,NA,"t",NA,"c",NA,NA,NA,3.6e-06,NA,NA,NA,NA,0,0,NA
"717",807,NA,NA,NA,NA,NA,NA,NA,NA,NA,NA,"t",NA,"c",NA,NA,NA,3.6e-06,NA,NA,NA,NA,0,0,NA
"718",808,NA,NA,NA,NA,NA,NA,NA,NA,NA,NA,"g",NA,"a",NA,NA,NA,8.46e-07,NA,NA,NA,NA,0,0,NA
"719",809,NA,NA,NA,NA,NA,NA,NA,NA,NA,NA,"g",NA,"a",NA,NA,NA,8.46e-07,NA,NA,NA,NA,0,0,NA
"720",810,NA,NA,NA,NA,NA,NA,NA,NA,NA,NA,"c",NA,"t",NA,NA,NA,1.7e-07,NA,NA,NA,NA,0,0,NA
